4 0.7689379625 0.77216875 0.8468388890625 0.7651078124999999 0.8860370375000001 0.756725 0.828727778125 0.7470171875 0.7855601859375 0.7505468750000001 0.7540527781249999 0.7523125 0.72254444375 0.75319375 0.66746851875 0.7536359375 0.60739351875 0.754959375 0.4500148140625 0.754959375 0.38948055625 0.752753125 0.32919444375 0.746575 0.289002778125 0.76334375 0.3148046296875 0.7690796875 0.39568240781249997 0.77658125 0.4792898140625 0.7818765625 0.58456944375 0.7796703125 0.660522221875 0.774375 0.7689379625 0.77216875
2 0.291484259375 0.971003125 0.3589648140625 0.9136390625 0.34606388906249996 0.9136390625 0.27641944375 0.970034375 0.291484259375 0.971003125
2 0.370625 0.8470093750000001 0.3639268515625 0.8439203125000001 0.3524101859375 0.9077249999999999 0.3631824078125 0.9087859375 0.370625 0.8470093750000001
2 0.42272499999999996 0.8077375 0.41652222187500004 0.8068546874999999 0.3688490734375 0.8387984375 0.376827778125 0.83995 0.42272499999999996 0.8077375
2 0.9305018515624999 0.948940625 0.8754250000000001 0.9215828125 0.8014935187500001 0.8748093750000001 0.6853870375 0.7980296874999999 0.6799453703125 0.8002 0.7131731484375 0.822740625 0.79181851875 0.8765734374999999 0.8679824078125 0.926878125 0.9225629625 0.9568828125 0.9305018515624999 0.948940625
2 0.7404629625 0.9352609375000001 0.622372221875 0.8042078125 0.6161694437499999 0.8042078125 0.6308064812499999 0.8236234375 0.6781925921874999 0.8809859375 0.758077778125 0.9705625 0.77395555625 0.971003125 0.7404629625 0.9352609375000001
2 0.6042611109375 0.8425968749999999 0.6131925921875 0.84215625 0.6092231484374999 0.8046484375 0.601784259375 0.8046125 0.6042611109375 0.8425968749999999
2 0.64395555625 0.86421875 0.615425 0.8452453125 0.6089175921875001 0.8459671875 0.6188981484375 0.8545109375 0.6479250000000001 0.87525 0.67968055625 0.8977546875 0.6891083328125001 0.8951062500000001 0.64395555625 0.86421875
2 0.6982879625 0.90393125 0.68761944375 0.9034906250000001 0.697047221875 0.934378125 0.7074675921875 0.9718859375 0.7233453703125 0.9723265624999999 0.714165740625 0.9462921874999999 0.6982879625 0.90393125
2 0.17406481406250002 0.80240625 0.17850740781250002 0.8055312499999999 0.2149768515625 0.794940625 0.24772500000000003 0.785234375 0.24375555625 0.7825859375 0.203315740625 0.794059375 0.17406481406250002 0.80240625
2 0.56345648125 0.7438359375 0.5673620374999999 0.7431421874999999 0.53201851875 0.7028546875 0.5292851859375001 0.7038968750000001 0.56345648125 0.7438359375
2 0.8463138890625 0.7820265625 0.842790740625 0.7855359375 0.8794888890625 0.7971453125 0.8836564812500001 0.794809375 0.8463138890625 0.7820265625
2 0.6019370375 0.7435859375 0.6078314812500001 0.7431671875 0.5550175921875 0.7050234375 0.5507740734375 0.7058625000000001 0.6019370375 0.7435859375