4 0.5914453703125 0.7326390625 0.48564907343749997 0.7296437499999999 0.37865000000000004 0.720465625 0.360647221875 0.7332390625 0.41051388906249997 0.73983125 0.527428703125 0.7440249999999999 0.6948833328124999 0.745225 0.672309259375 0.7344375000000001 0.6399638890625 0.7338375 0.5914453703125 0.7326390625
2 0.720827778125 0.9222515625 0.5729148140625 0.752659375 0.56959351875 0.7527546875 0.602227778125 0.7946078125 0.6803953703125 0.88809375 0.749803703125 0.9719906249999999 0.7653027781249999 0.9707921875000001 0.720827778125 0.9222515625
2 0.311797221875 0.893540625 0.31145555625 0.8934875 0.2861861109375 0.9725906249999999 0.3023583328125 0.9737890625000001 0.324259259375 0.8952843749999999 0.311797221875 0.893540625
2 0.39973148125 0.8365562499999999 0.390297221875 0.834759375 0.31895833281249997 0.8890484375 0.3272916671875 0.8922890625000001 0.39973148125 0.8365562499999999
2 0.3936666671875 0.8305640625 0.4010796296875 0.8317625 0.40074259218749997 0.8006 0.394359259375 0.7999328125 0.3936666671875 0.8305640625
2 0.43780462968749995 0.7796265625000001 0.42870740781250005 0.7790265625 0.3973083328125 0.7969375000000001 0.40208981406250005 0.798203125 0.43780462968749995 0.7796265625000001
2 0.631877778125 0.8341593749999999 0.587402778125 0.8059937500000001 0.5813879625 0.8081703125 0.6258129625 0.8377546875 0.631877778125 0.8341593749999999
2 0.6483870375 0.89768125 0.6379425921874999 0.8401515625 0.63109351875 0.8388734375 0.63659444375 0.8994796875000001 0.6483870375 0.89768125
2 0.7120675921874999 0.9737890625000001 0.7299249999999999 0.9719906249999999 0.6504083328125 0.9072703125 0.6403601859375 0.9107640625 0.7120675921874999 0.9737890625000001
2 0.5786425921875 0.8047953124999999 0.5863916671875 0.8047953124999999 0.590772221875 0.783221875 0.5847574078125 0.7804625 0.5786425921875 0.8047953124999999
2 0.9273333328125 0.9767859375000001 0.9327240734375 0.9689953125 0.9236268515624999 0.9552125 0.8885861109375 0.93963125 0.8043527781250001 0.885096875 0.613346296875 0.7532578125 0.608346296875 0.7527546875 0.63925648125 0.77543125 0.7656055562499999 0.8659203124999999 0.857925 0.9324390625 0.9168879625 0.962403125 0.9273333328125 0.9767859375000001
2 0.43190092656249995 0.7766296875 0.4393138890625 0.7790265625 0.43257500000000004 0.7640453125 0.4276370375 0.7609921875000001 0.43190092656249995 0.7766296875
2 0.4551490734375 0.752059375 0.45043240781250005 0.7502609375 0.4305861109375 0.7594953125 0.434596296875 0.762246875 0.4551490734375 0.752059375
2 0.5609 0.762965625 0.5648203703125 0.75309375 0.5604916671875 0.7526578125000001 0.55501944375 0.7641281249999999 0.5609 0.762965625
2 0.5834407406250001 0.7789375 0.5884222218749999 0.7785015625 0.561471296875 0.7642734375 0.5561629625 0.766015625 0.5834407406250001 0.7789375
2 0.3467175921875 0.7428250000000001 0.3405629625 0.7379625 0.3080796296875 0.7482968750000001 0.314234259375 0.75194375 0.3467175921875 0.7428250000000001