4 0.7626981484375001 0.84186875 0.825422221875 0.8305624999999999 0.7406601859374999 0.7913640625 0.7059083328125 0.7981484375 0.567746296875 0.79965625 0.40655 0.8011640625 0.2590648140625 0.781565625 0.16879351874999998 0.81699375 0.2014268515625 0.827546875 0.21668425937500002 0.83433125 0.41545 0.8622203125000001 0.57565 0.8644828125 0.6736981484375 0.856190625 0.7626981484375001 0.84186875
2 0.8368027781249999 0.9040046875 0.8266703703125 0.9091734375 0.9194453703125 0.9537546875 0.9300407406250001 0.973353125 0.9423314812499999 0.9665687500000001 0.9283453703125 0.9507390625 0.8368027781249999 0.9040046875
2 0.588828703125 0.777046875 0.5947620375 0.777046875 0.5405148140625 0.71674375 0.5363129625 0.7160734375 0.588828703125 0.777046875
2 0.4223898140625 0.801478125 0.4310138890625 0.7886359374999999 0.42281203749999996 0.7864375 0.41476851875 0.8007640625000001 0.4223898140625 0.801478125
2 0.44585648125 0.7561734375 0.453677778125 0.7568875 0.4570879625 0.7476125 0.45026851875 0.7465421875 0.450896296875 0.7472078125 0.44585648125 0.7561734375
2 0.6372990734374999 0.779471875 0.648346296875 0.77879375 0.57596944375 0.725971875 0.573302778125 0.7280031250000001 0.6372990734374999 0.779471875
2 0.6532981484375 0.77879375 0.6445370375 0.7578 0.640346296875 0.76321875 0.6464416671875 0.77879375 0.6532981484375 0.77879375
2 0.7542453703125 0.971121875 0.77900555625 0.9718 0.7401509265625 0.9291359375000001 0.72529444375 0.9352296875 0.7542453703125 0.971121875
2 0.7131046296875 0.9772171875 0.730627778125 0.9758625000000001 0.7131046296875 0.9311671875 0.6959629625 0.9359078125 0.6974861109375 0.936584375 0.7131046296875 0.9772171875
2 0.639896296875 0.76185 0.6440324078125 0.75850625 0.616202778125 0.749815625 0.6146990734375 0.7531578125 0.639896296875 0.76185
2 0.6177074078125 0.74948125 0.6122546296875 0.7407890625 0.6079296296875001 0.7427953125 0.6124425921875 0.7528234375 0.6177074078125 0.74948125
2 0.718872221875 0.75015 0.7051453703125 0.7424609375 0.7027009265624999 0.745803125 0.7169916671875 0.7565015625 0.718872221875 0.75015
2 0.753847221875 0.7571687500000001 0.7201888890625 0.749815625 0.7183083328125 0.7554984375 0.7532833328125 0.7631859375000001 0.753847221875 0.7571687500000001
2 0.7760361109375 0.77421875 0.77866851875 0.7695375 0.7532833328125 0.7578375 0.7544111109375 0.7645234375000001 0.7546 0.7645234375000001 0.7760361109375 0.77421875
2 0.32611851875000003 0.97426875 0.3541129625 0.9466609375000001 0.3365398140625 0.9383062499999999 0.30548055625 0.9702734375000001 0.32611851875000003 0.97426875