4 0.527802778125 0.7358374999999999 0.5391129625 0.7356609375 0.5478435187499999 0.7347796875 0.5415537031250001 0.7230578125 0.51946944375 0.7231390625 0.459227778125 0.7229109375 0.36620092656250003 0.7143734375 0.3466703703125 0.7232046875 0.3708351859375 0.727915625 0.47474722187499996 0.7343921875 0.49675 0.7351328125000001 0.5146083328125 0.7356609375 0.527802778125 0.7358374999999999
2 0.43832685156249995 0.751575 0.4421333328125 0.750103125 0.431871296875 0.7403875 0.42776203749999997 0.7391296875 0.43832685156249995 0.751575
2 0.413334259375 0.76305625 0.4422990734375 0.753340625 0.4376648140625 0.75128125 0.40770648125 0.761584375 0.413334259375 0.76305625
2 0.42012037031249994 0.78336875 0.412009259375 0.76335 0.40768981406250004 0.7645125 0.41316851874999994 0.7827796874999999 0.42012037031249994 0.78336875
2 0.41141481406249997 0.784378125 0.392478703125 0.7939671875000001 0.36847962968750003 0.8069203125 0.374603703125 0.8083921875 0.4181333328125 0.7863125 0.41141481406249997 0.784378125
2 0.366327778125 0.8516656250000001 0.3751 0.8537265625 0.37344444375 0.8098640625 0.36516851875 0.8098640625 0.366327778125 0.8516656250000001
2 0.3332240734375 0.8816937499999999 0.3724518515625 0.8581421875 0.363821296875 0.85390625 0.33818981406250004 0.8699187500000001 0.30392870312500003 0.888759375 0.270659259375 0.9090718750000001 0.2829074078125 0.9134874999999999 0.3332240734375 0.8816937499999999
2 0.639725 0.8559296875 0.63045555625 0.8562234375 0.6245509265625 0.930790625 0.6375731484375 0.9289375 0.639725 0.8559296875
2 0.5757879625 0.8146578124999999 0.56868055625 0.8163828125 0.5963120375 0.8337921875 0.6272638890625 0.85469375 0.637028703125 0.8526328124999999 0.5989601859375 0.8293765625 0.5757879625 0.8146578124999999
2 0.5723129625000001 0.8131859374999999 0.58091944375 0.7946390625 0.5848916671875 0.7861015625000001 0.5792638890624999 0.7846296875000001 0.56536944375 0.8127046874999999 0.5723129625000001 0.8131859374999999
2 0.5800916671875 0.7869843750000001 0.5808888890625 0.7847453125 0.58605 0.7837468750000001 0.5675129625 0.775209375 0.5496370374999999 0.7675546875 0.5454990734375 0.76814375 0.5656916671875 0.778153125 0.5800916671875 0.7869843750000001
2 0.5502990734375001 0.7672609375 0.559402778125 0.754896875 0.556678703125 0.7534765625000001 0.5453333328125 0.7669671874999999 0.5502990734375001 0.7672609375
2 0.55691944375 0.7442984375 0.6271018515625 0.8350156249999999 0.7325351859375 0.9716109375 0.7492518515625 0.9716109375 0.5612231484375 0.7425328125 0.55691944375 0.7442984375
2 0.7726583328125 0.8713875 0.6828324078125 0.8072109375000001 0.5979231484375 0.7430343749999999 0.5924768515625 0.7439125 0.6866120375 0.8170078125 0.7857333328125 0.8890499999999999 0.8671666671875 0.9458671875 0.8787527781250001 0.9399796874999999 0.7726583328125 0.8713875
2 0.5402250000000001 0.7244625 0.5438666671875 0.7238734375 0.526652778125 0.702678125 0.5243981484375 0.703078125 0.5402250000000001 0.7244625
2 0.2621611109375 0.972746875 0.278696296875 0.919834375 0.2648666671875 0.9123515624999999 0.2444231484375 0.9711437500000001 0.2621611109375 0.972746875
2 0.270578703125 0.7691109375 0.2853101859375 0.7482671875 0.27749351875 0.7471984375 0.2633629625 0.7621640625 0.270578703125 0.7691109375
2 0.2681731484375 0.7664390625 0.26095833281249997 0.7621640625 0.191209259375 0.77445625 0.1993259265625 0.775525 0.2681731484375 0.7664390625
2 0.161746296875 0.8091968749999999 0.197222221875 0.77659375 0.1891046296875 0.773921875 0.1512231484375 0.8017140625 0.15182500000000002 0.8033187500000001 0.161746296875 0.8091968749999999
2 0.1569351859375 0.8097312499999999 0.14611203749999999 0.8038531250000001 0.0342731484375 0.8188171875 0.0432925921875 0.826834375 0.1569351859375 0.8097312499999999
2 0.6656231484374999 0.973815625 0.6893740734375 0.9759546875 0.6439768515625001 0.9321265625 0.6277425921875001 0.93586875 0.6656231484374999 0.973815625
2 0.5613009265625 0.7536125 0.5363472218750001 0.7429218750000001 0.5309351859375 0.744525 0.5555879625 0.75468125 0.5613009265625 0.7536125
2 0.8790805562499999 0.8022484375 0.87366851875 0.805990625 0.87426944375 0.8097312499999999 0.87426944375 0.806525 0.9145555562500001 0.82095625 0.9235749999999999 0.8166796875 0.8790805562499999 0.8022484375
4 0.73830555625 0.7362109375 0.70631944375 0.7274203124999999 0.6710888890625 0.7282453125 0.5711129625 0.7243984375 0.5837833328124999 0.7353875000000001 0.604953703125 0.7364859375 0.6472925921875 0.7386828125 0.7253259265625001 0.737584375 0.737378703125 0.737859375 0.73830555625 0.7362109375