4 0.575772221875 0.8472578125 0.6074185187500001 0.8447390625000001 0.6215888890625 0.8422203125 0.6178101859375 0.8346625 0.611197221875 0.8262656249999999 0.60505648125 0.8161890625 0.6003333328125 0.80863125 0.5828574078125001 0.7901578125000001 0.40711018593750004 0.79441875 0.2352638890625 0.7666328124999999 0.15194444375 0.796271875 0.17173240781250002 0.811090625 0.2415120375 0.825909375 0.3706574078125 0.844434375 0.5206324078125 0.8481390624999999 0.53893055625 0.8472578125 0.575772221875 0.8472578125
2 0.70831944375 0.8327203125 0.7024101859375 0.8348234375000001 0.76298148125 0.88054375 0.772140740625 0.8758140624999999 0.70831944375 0.8327203125
2 0.778640740625 0.878440625 0.769525 0.882084375 0.836552778125 0.934146875 0.8938731484375 0.9677796875 0.90480555625 0.9598968749999999 0.8321203703125001 0.9199578125000001 0.778640740625 0.878440625
2 0.726934259375 0.9719843750000001 0.7417074078125 0.9719843750000001 0.6902962968749999 0.9083953125 0.68013148125 0.9076953124999999 0.726934259375 0.9719843750000001
2 0.68881944375 0.9714578125 0.6193842593750001 0.9136515624999999 0.6092074078125 0.9168890624999999 0.671977778125 0.9719843750000001 0.68881944375 0.9714578125
2 0.2708731484375 0.9677796875 0.28741944375 0.8989359374999999 0.27530555625 0.9005124999999999 0.253440740625 0.9656781249999999 0.2708731484375 0.9677796875
2 0.39981851874999996 0.7875890625 0.40720555625 0.789165625 0.41400092656250004 0.77970625 0.40530092656249994 0.7783249999999999 0.39981851874999996 0.7875890625
2 0.572372221875 0.7734 0.57828148125 0.7734 0.5398703703125001 0.726628125 0.5360666671875001 0.7271015625 0.572372221875 0.7734
2 0.5844861109374999 0.79231875 0.591577778125 0.790215625 0.5794629625 0.7734 0.57300648125 0.774384375 0.5844861109374999 0.79231875
4 0.8837324078125001 0.7691656250000001 0.7831259265625 0.783440625 0.6475666671875 0.7901578125000001 0.7127481484375 0.8363421875 0.872396296875 0.8153499999999999 0.9465527781249999 0.79435625 0.9900074078125 0.7758828125 0.902153703125 0.7632875 0.8837324078125001 0.7691656250000001
2 0.62064351875 0.7733640625 0.6282009265624999 0.7691656250000001 0.5601851859375 0.7196234375 0.55640648125 0.721303125 0.62064351875 0.7733640625
2 0.9211009265625 0.82533125 0.9296351859374999 0.8152156250000001 0.8915166671874999 0.8051015625 0.8835518515624999 0.8111703125 0.887534259375 0.816228125 0.9211009265625 0.82533125