4 0.7588416671875 0.8150296875 0.90176851875 0.7945734375 0.9471898140624999 0.7827296875 0.8643879625 0.7617468749999999 0.712725 0.773634375 0.6230981484375 0.7745484375 0.5860824078125 0.7699765625 0.5516370375 0.7708921875 0.4606398140625 0.7699765625 0.4025453703125 0.7681484375000001 0.250709259375 0.7443734375 0.17873333281249998 0.7690625 0.21009444375 0.7800359375 0.36586944374999997 0.80838125 0.5315870375 0.8147828125000001 0.5850546296875 0.811125 0.65453148125 0.8142421875 0.7588416671875 0.8150296875
2 0.6484611109375 0.9720593750000001 0.6695398140625 0.9757171874999999 0.6042481484375 0.8541015625 0.5972388890625 0.8560796875 0.6484611109375 0.9720593750000001
2 0.8032092593750001 0.9729734375 0.8278861109375001 0.9729734375 0.6582296296875 0.8156968750000001 0.64994351875 0.817228125 0.8032092593750001 0.9729734375
2 0.6211953703125 0.94016875 0.6340592593750001 0.934925 0.5549953703125 0.8591312500000001 0.5422129625000001 0.8596890625 0.6211953703125 0.94016875
2 0.0945518515625 0.9864078125000001 0.13287777812499998 0.983071875 0.2572351859375 0.9220546875 0.24165370312499998 0.913896875 0.0945518515625 0.9864078125000001
2 0.2888611109375 0.8410171875 0.2792120375 0.838634375 0.24466944375000002 0.9091312500000001 0.2601833328125 0.9172874999999999 0.2888611109375 0.8410171875
2 0.106797221875 0.7927953125 0.09875648125 0.7875515625 0.0372601859375 0.8191828125 0.045422221875 0.8295 0.106797221875 0.7927953125
2 0.55318148125 0.7681375 0.5537481484375 0.75825625 0.53866851875 0.727603125 0.5341490734375001 0.7283390625 0.55318148125 0.7681375
2 0.394890740625 0.7701546875 0.4041879625 0.7590625 0.398859259375 0.75825625 0.3895620375 0.7658875 0.394890740625 0.7701546875
2 0.5912351859375 0.7610796875 0.59565648125 0.75745 0.551890740625 0.7116718750000001 0.5503083328125 0.71473125 0.5912351859375 0.7610796875
2 0.8676898140624999 0.8123921875000001 0.8356435187500001 0.8028000000000001 0.8312453703125 0.8040234375 0.8581481484375001 0.81645 0.8676898140624999 0.8123921875000001