4 0.763271296875 0.7415296875 0.703584259375 0.7452015624999999 0.563909259375 0.7415296875 0.5310620375 0.7408625 0.443097221875 0.74005 0.3187824078125 0.7318484375 0.2844333328125 0.7442 0.4240990734375 0.7575546875 0.5389453703125 0.758221875 0.5861509265625 0.7597140625 0.6848138890625 0.7628953125 0.8091398140624999 0.7526875000000001 0.763271296875 0.7415296875
2 0.24257685156250003 0.7742453125 0.2564666671875 0.75621875 0.25160370312499997 0.7526671875 0.23469351875000002 0.76990625 0.24257685156250003 0.7742453125
2 0.238447221875 0.7742453125 0.22981388906250003 0.7692390625 0.160177778125 0.77725 0.166559259375 0.783259375 0.238447221875 0.7742453125
2 0.1241074078125 0.8151781250000001 0.16410277812500002 0.7843171875 0.1574361109375 0.78056875 0.11293148125000001 0.8062859375 0.1241074078125 0.8151781250000001
2 0.1658675921875 0.97371875 0.1929231484375 0.9229828124999999 0.1783925921875 0.9126031250000001 0.1376351859375 0.9784265624999999 0.1658675921875 0.97371875
2 0.3134990734375 0.861784375 0.30144074062500004 0.8570765625 0.1901583328125 0.9132578125 0.2008638890625 0.9198437500000001 0.3134990734375 0.861784375
2 0.3296731484375 0.8157546874999999 0.317322221875 0.8115703125 0.304871296875 0.8531234375000001 0.32055648125 0.8602140625000001 0.3296731484375 0.8157546874999999
2 0.3866074078125 0.790209375 0.37307962968749997 0.7912546875 0.32288703750000003 0.8099828125 0.33131944375 0.8158390624999999 0.3866074078125 0.790209375
2 0.385725 0.7923015625 0.3801370375 0.7687625 0.375096296875 0.7668437499999999 0.3739620375 0.7891625 0.385725 0.7923015625
2 0.547434259375 0.791778125 0.5559620375 0.7912546875 0.5256712968749999 0.7729484375 0.5148101859375 0.770765625 0.547434259375 0.791778125
2 0.537728703125 0.822115625 0.55684444375 0.7923015625 0.5479 0.79168125 0.5239074078125 0.8231624999999999 0.537728703125 0.822115625
2 0.5953703703125 0.8630203125 0.536552778125 0.823790625 0.5251046296874999 0.8224015625 0.5815481484375 0.8682515625 0.5953703703125 0.8630203125
2 0.57184351875 0.957171875 0.5950759265625 0.8651140625 0.580990740625 0.8668484375000001 0.5497870375 0.9587421875000001 0.57184351875 0.957171875
2 0.635365740625 0.910096875 0.6065453703125 0.8656359374999999 0.5964324078125001 0.871425 0.6203675921875 0.9148046875 0.635365740625 0.910096875
2 0.5824305562500001 0.8499437500000001 0.5950759265625 0.8499437500000001 0.580665740625 0.8211765625 0.5694907406249999 0.822221875 0.5824305562500001 0.8499437500000001
2 0.6750675921875 0.8405296874999999 0.651834259375 0.8180375 0.644597221875 0.8210953125 0.6647740734375 0.8441906250000001 0.6750675921875 0.8405296874999999
2 0.733002778125 0.8954515625000001 0.6962416671875 0.8604062499999999 0.68430555625 0.862928125 0.7182981484375001 0.89754375 0.733002778125 0.8954515625000001
2 0.792646296875 0.9687749999999999 0.8179379625 0.9724359375 0.7732370375000001 0.932684375 0.7615157406249999 0.9367875 0.792646296875 0.9687749999999999
2 0.563896296875 0.7354 0.5409574078125 0.712384375 0.538340740625 0.7119375 0.558896296875 0.7369687500000001 0.563896296875 0.7354
2 0.0610453703125 0.8139390625 0.0128870375 0.8133359375 0.0176351859375 0.8241875000000001 0.0739324078125 0.8199671875 0.11937777812499999 0.8163500000000001 0.11259444375000001 0.8073062500000001 0.0847851859375 0.8133359375 0.0681675921875 0.8085125 0.0610453703125 0.8139390625
2 0.8559925921874999 0.8151437500000001 0.8648101859375 0.8121296875 0.8268259265625 0.7976593750000001 0.820721296875 0.8024828125000001 0.8559925921874999 0.8151437500000001