4 0.5512638890625 0.8098812499999999 0.6583249999999999 0.8080671875000001 0.694521296875 0.8026265625000001 0.6588342593750001 0.7690765625 0.4597240734375 0.7699812500000001 0.3713981484375 0.7649515625000001 0.30929629687500004 0.7557796875 0.233227778125 0.7409671875 0.15879444375000001 0.755475 0.23781574062500002 0.7781453125 0.3168370375 0.7944656250000001 0.41115277812500006 0.804440625 0.5512638890625 0.8098812499999999
2 0.4343629625 0.97890625 0.484325 0.8347312499999999 0.47624537031249997 0.8341953125 0.41906851874999995 0.978 0.4343629625 0.97890625
2 0.7181083328125 0.8274781250000001 0.7114361109375 0.8296625000000001 0.765521296875 0.8882312499999999 0.8552490734375 0.9662124999999999 0.8736018515625 0.9662124999999999 0.783875 0.8927640625000001 0.7181083328125 0.8274781250000001
2 0.6771120374999999 0.8302296874999999 0.7546287031250001 0.8887750000000001 0.7606111109375 0.8897734375 0.7658453703125 0.88678125 0.6839657406249999 0.829925 0.6771120374999999 0.8302296874999999
2 0.760984259375 0.8911031250000001 0.802859259375 0.9685734374999999 0.8181879625 0.9695703124999999 0.7712981484375 0.8888140625000001 0.760984259375 0.8911031250000001
2 0.44944074062499995 0.8343203125 0.44159722187500006 0.8343203125 0.4435583328125 0.8608265625 0.44277407343749997 0.8908203125 0.4539509265625 0.8918671874999999 0.4529703703125 0.8573390625 0.44944074062499995 0.8343203125
2 0.3655138890625 0.9775281250000001 0.382977778125 0.9780828125 0.450421296875 0.9001015625000001 0.4523824078125 0.8952187500000001 0.44394999999999996 0.8927765624999999 0.42296851875 0.9171906249999999 0.393359259375 0.9482312500000001 0.3655138890625 0.9775281250000001
2 0.2509675921875 0.805221875 0.24503148125 0.8001546875000001 0.1878111109375 0.8377375 0.194459259375 0.84280625 0.2509675921875 0.805221875
2 0.0534268515625 0.8732109375 0.0617370375 0.8795453125 0.1873361109375 0.8449171874999999 0.182315740625 0.8402140625 0.0534268515625 0.8732109375
2 0.069334259375 0.8993921874999999 0.110172221875 0.8829234375 0.2101296296875 0.8385828125 0.2699611109375 0.8081781250000001 0.2639453703125 0.8059125 0.21226666718749998 0.834359375 0.17285370312499998 0.8512515625000001 0.1291666671875 0.8685656249999999 0.0643481484375 0.8951703125 0.069334259375 0.8993921874999999
2 0.43259444374999995 0.7380015625 0.40113148125000003 0.7495671875000001 0.36486944375 0.763471875 0.36969351875 0.764359375 0.4370601859375 0.7403953125 0.43259444374999995 0.7380015625
2 0.5158 0.760809375 0.5266120375 0.7495671875000001 0.5342638890625 0.7424671875 0.5306046296875 0.7409875 0.52311851875 0.749271875 0.51496851875 0.7572593750000001 0.5054870375 0.7693890624999999 0.5096453703125 0.7693890624999999 0.5158 0.760809375
2 0.6470148140624999 0.7584421875 0.6520046296875 0.7587390625 0.642190740625 0.7412828124999999 0.6381990734375 0.7309281249999999 0.6372009265624999 0.722053125 0.6388638890625 0.714953125 0.6366009265625 0.7147109375 0.6347055562499999 0.7193906250000001 0.6350379625 0.7282656249999999 0.6375333328125 0.7406921875 0.6411925921875 0.746609375 0.6470148140624999 0.7584421875