4 0.7109111109375 0.8674125 0.76486851875 0.8594703125 0.700372221875 0.8005640625 0.4845416671875 0.8005640625 0.299184259375 0.7840171875 0.1775 0.754234375 0.0677240734375 0.76945625 0.12131018593750001 0.79526875 0.243365740625 0.8409375000000001 0.3993259265625 0.8680734375 0.6367398140625 0.876015625 0.7109111109375 0.8674125
2 0.6818851859375 0.78269375 0.666628703125 0.760853125 0.656952778125 0.7489390625000001 0.65174351875 0.7363640625000001 0.6491388890625001 0.721140625 0.6435055562499999 0.7197203125 0.643184259375 0.727759375 0.6457898140625 0.741659375 0.6554648140625 0.7615140625000001 0.67109351875 0.7840171875 0.6818851859375 0.78269375
2 0.5360138890624999 0.7562203125 0.5308037031249999 0.754896875 0.5263388890625 0.75754375 0.5170351859375 0.77011875 0.505127778125 0.78335625 0.49556203749999994 0.7982921875 0.5062435187500001 0.8025499999999999 0.51108148125 0.792621875 0.5226175921875 0.7774 0.5304314812500001 0.7641625000000001 0.5360138890624999 0.7562203125
2 0.8102675921875001 0.8968031249999999 0.796871296875 0.9001125 0.8232916671874999 0.9298953125 0.86831851875 0.9676218750000001 0.9003203703124999 0.96960625 0.844502778125 0.9272484375 0.8102675921875001 0.8968031249999999
2 0.45139074062500006 0.9768874999999999 0.469252778125 0.9179828125 0.44950462968749993 0.9182171875 0.4294351859375 0.9788734375000001 0.45139074062500006 0.9768874999999999
2 0.0576861109375 0.9146734375 0.1737879625 0.8610625000000001 0.163853703125 0.8545328124999999 0.050615740625 0.9040828125000001 0.0576861109375 0.9146734375
2 0.145878703125 0.8425296875000001 0.04689444375 0.8948171874999999 0.0483833328125 0.9080546875 0.1550148140625 0.851225 0.145878703125 0.8425296875000001
2 0.3311953703125 0.7902437499999999 0.42013240781250005 0.7564890625 0.41380648124999997 0.75185625 0.3243574078125 0.785059375 0.3311953703125 0.7902437499999999
2 0.48302129687499995 0.732 0.47334629687499996 0.728690625 0.43322129687500005 0.7461859375000001 0.4383666671875 0.7498703124999999 0.48302129687499995 0.732
2 0.5456666671875 0.7518578125000001 0.5523648140625 0.743915625 0.54529444375 0.7399453125 0.5371083328124999 0.7492109375 0.5456666671875 0.7518578125000001
2 0.4150518515625 0.9802 0.41616851875 0.9140140625000001 0.39832962968749996 0.9140828125 0.392725 0.9788765625 0.4150518515625 0.9802
2 0.5728453703125 0.726315625 0.5901851859375 0.713578125 0.587546296875 0.7095546875000001 0.5734111109375 0.7196109374999999 0.5728453703125 0.726315625
2 0.8164416671874999 0.969090625 0.86221851875 0.9745796875 0.76860648125 0.90688125 0.74751851875 0.910540625 0.8164416671874999 0.969090625