4 0.87948148125 0.7719171874999999 0.8478851859375001 0.7765500000000001 0.7544 0.784078125 0.5309462968750001 0.7782875 0.37980555625 0.7753921874999999 0.2478833328125 0.752228125 0.1684046296875 0.7724968750000001 0.21433333281250003 0.787553125 0.345277778125 0.81824375 0.5716629625 0.8222968749999999 0.8140092593749999 0.8153484375 0.9615666671875 0.79160625 0.87948148125 0.7719171874999999
2 0.530690740625 0.720340625 0.5272333328125 0.7215703125 0.5313824078125 0.7307890625 0.5542 0.774428125 0.5642259265625 0.7738140625 0.541753703125 0.7406234375 0.530690740625 0.720340625
2 0.5542 0.7197265625 0.54970555625 0.7228 0.5656092593750001 0.73939375 0.6008731484375 0.7713546874999999 0.6088250000000001 0.7713546874999999 0.5735611109375001 0.740009375 0.5542 0.7197265625
2 0.2496148140625 0.8905921875 0.23820555625 0.8826015625 0.216425 0.9157921874999999 0.1697518515625 0.9754109375000001 0.1894583328125 0.9729515624999999 0.20916481406249998 0.9471375 0.2496148140625 0.8905921875
2 0.34296111093750004 0.8395781250000001 0.3308601859375 0.8377343749999999 0.2468490734375 0.8832171875 0.26344351875 0.8887484375 0.34296111093750004 0.8395781250000001
2 0.3986231484375 0.7658234375 0.40415462968750004 0.76828125 0.4134888890625 0.7590625 0.4079574078125 0.7578328125 0.40519166718750005 0.7621359375 0.3986231484375 0.7658234375
2 0.597415740625 0.9188656249999999 0.5943046296875 0.8438812499999999 0.5842787031250001 0.846953125 0.583240740625 0.9219375 0.597415740625 0.9188656249999999
2 0.6669074078125 0.9711078125 0.69421944375 0.9772546875 0.6081333328125 0.8457250000000001 0.5967240734375 0.8481828124999999 0.6669074078125 0.9711078125
2 0.6873046296875 0.8383484375 0.6776240734375001 0.8432656250000001 0.7450416671875 0.902884375 0.8017407406249999 0.9575859375 0.81660648125 0.9563578125 0.7464240734375001 0.891821875 0.6873046296875 0.8383484375
2 0.8907027781249999 0.825390625 0.8828759265624999 0.828775 0.9253916671875 0.843440625 0.9311027781250001 0.84005625 0.8907027781249999 0.825390625
2 0.736822221875 0.77978125 0.7449574078125 0.7760078125 0.723202778125 0.7628015625 0.7180740734375 0.766575 0.736822221875 0.77978125
2 0.6085953703125 0.7720312500000001 0.6158370375 0.7711109375 0.6106648140625001 0.7568578125000001 0.6054916671874999 0.75915625 0.6052333328125 0.759615625 0.6085953703125 0.7720312500000001