4 0.7404638890624999 0.7511234375 0.6441370375 0.7511234375 0.5521175921875 0.746946875 0.41350092656250004 0.7462500000000001 0.308559259375 0.7365046875 0.265877778125 0.74973125 0.3054268515625 0.7594765625 0.46714629687500003 0.7713109375 0.7666990734375 0.7720078125 0.858327778125 0.763653125 0.8038990734375 0.7490359375 0.7404638890624999 0.7511234375
2 0.176990740625 0.97666875 0.2666611109375 0.8973109375 0.2560888890625 0.8924375 0.1515388890625 0.9787578124999999 0.176990740625 0.97666875
2 0.3453675921875 0.8339624999999999 0.33675277812500004 0.8318749999999999 0.255697221875 0.87573125 0.2631370375 0.8799078124999999 0.3453675921875 0.8339624999999999
2 0.35946388906250004 0.7984609375 0.3528074078125 0.7949796874999999 0.3402768515625 0.82839375 0.3469333328125 0.8318749999999999 0.35946388906250004 0.7984609375
2 0.40136203750000005 0.7803609375 0.393922221875 0.778271875 0.357897221875 0.7949796874999999 0.365728703125 0.79706875 0.40136203750000005 0.7803609375
2 0.54389444375 0.7441625000000001 0.5478101859375 0.7441625000000001 0.5297981484375 0.712140625 0.526665740625 0.712140625 0.54389444375 0.7441625000000001
2 0.5470268515625001 0.8040296874999999 0.55525 0.8054218750000001 0.56190648125 0.77896875 0.5556416671875 0.77896875 0.5470268515625001 0.8040296874999999
2 0.6370888890625 0.88686875 0.61594351875 0.854846875 0.6081120375 0.854846875 0.6269083328125 0.89035 0.6370888890625 0.88686875
2 0.6742879625 0.9704046875 0.6911259265624999 0.9731890625 0.6641074078125 0.930028125 0.6500111109375 0.9293328125 0.6742879625 0.9704046875
2 0.57874444375 0.7427703125 0.5830518515625001 0.743465625 0.5482018515625 0.7107484375 0.5454611109374999 0.7107484375 0.57874444375 0.7427703125
2 0.7330240734375 0.8819953125 0.7009148140625 0.8520625000000001 0.6926925921875 0.8569359375 0.7232351859375 0.8847796875 0.7330240734375 0.8819953125
2 0.8160379624999999 0.9690125 0.831309259375 0.9676203125 0.77453055625 0.915409375 0.7620009265625 0.9216749999999999 0.8160379624999999 0.9690125
2 0.7697083328125001 0.7804703125 0.7704898140625 0.781396875 0.79001851875 0.7901921875 0.7986111109375 0.787878125 0.7759574078125 0.77815625 0.7697083328125001 0.7804703125
2 0.9543240734375 0.8466671874999999 0.952240740625 0.8466671874999999 0.99885 0.8610171875000001 1 0.850834375 0.9621351859375 0.8401859375 0.9543240734375 0.8466671874999999
2 0.2056333328125 0.7694593750000001 0.197477778125 0.7668703125 0.157865740625 0.786546875 0.16776851875 0.7901703125 0.2056333328125 0.7694593750000001
2 0.2665083328125 0.7601390625 0.25573148125 0.7559953125 0.20359444375 0.7647984375 0.21116759218749998 0.7710125 0.2665083328125 0.7601390625
2 0.430490740625 0.74305 0.4368981484375 0.7368375 0.4287425921875 0.73631875 0.42495648125 0.7414968749999999 0.430490740625 0.74305