4 0.887152778125 0.793209375 0.730902778125 0.8070984375 0.38715277812500004 0.8086421874999999 0.176215740625 0.7685187499999999 0.06423611093750001 0.794753125 0.1675351859375 0.8425921875 0.36631944375000003 0.8950625000000001 0.6545138890625 0.8935187499999999 0.934027778125 0.8518515624999999 0.9991324078125 0.8225312499999999 0.887152778125 0.793209375
2 0.1666666671875 0.9753093749999999 0.25694444375000003 0.9259265624999999 0.24045185156249999 0.9228390624999999 0.1354166671875 0.9783953125 0.1666666671875 0.9753093749999999
2 0.5303824078125 0.7191359375 0.5269101859374999 0.7191359375 0.566840740625 0.793209375 0.578125 0.796296875 0.5303824078125 0.7191359375
2 0.38652037031250003 0.7793296875 0.38176481406249996 0.778121875 0.37044351875000003 0.78939375 0.37655740781249997 0.7901984375 0.38652037031250003 0.7793296875
2 0.6254416671875 0.7939609375 0.635322221875 0.7939609375 0.5526546296875 0.7196 0.55001944375 0.7207703125 0.6254416671875 0.7939609375
2 0.8209472218749999 0.9725328125000001 0.8522925921875 0.9765124999999999 0.7813925921875 0.9221140625 0.76833148125 0.9267578125 0.8209472218749999 0.9725328125000001
2 0.643697221875 0.7934171875 0.63175648125 0.7721875 0.6265324078125001 0.77616875 0.6351148140625 0.79540625 0.643697221875 0.7934171875
2 0.7963185187499999 0.7934171875 0.7616148140625 0.7748421875 0.75825648125 0.7781578125 0.789228703125 0.7960703125 0.7963185187499999 0.7934171875
2 0.42838518593749997 0.7396812500000001 0.420922221875 0.7383546875 0.41495185156250003 0.7502953125 0.420922221875 0.750959375 0.42838518593749997 0.7396812500000001
2 0.7580981484375 0.7796000000000001 0.7606990734375 0.7749765625 0.719777778125 0.7644953125 0.7171768515625 0.76911875 0.7580981484375 0.7796000000000001
2 0.7145759265625 0.768503125 0.719777778125 0.7641875 0.7038249999999999 0.75370625 0.6984490734375 0.7561718749999999 0.7145759265625 0.768503125
2 0.6244083328125 0.776209375 0.6315175921875 0.7737421875 0.60308055625 0.7598703125 0.6009990734375 0.7611046875 0.6244083328125 0.776209375