4 0.9017009265624999 0.7805296875 0.7682296296875 0.796296875 0.3845490734375 0.78549375 0.2552083328125 0.757715625 0.16319444375 0.7993828125 0.26215277812500004 0.8256171875 0.5069953703125 0.8541296875000001 0.8072916671874999 0.847221875 0.9296879625000001 0.8240734375000001 0.9946296296874999 0.797315625 0.9017009265624999 0.7805296875
2 0.22132037031250001 0.9610156249999999 0.2226268515625 0.9656578124999999 0.23372500000000002 0.9691390625 0.3447120375 0.8762874999999999 0.32904351875 0.87280625 0.22132037031250001 0.9610156249999999
2 0.109027778125 0.807809375 0.0169740734375 0.8287015625 0.02154444375 0.8368265625 0.11686296249999999 0.8136125 0.109027778125 0.807809375
2 0.665921296875 0.972621875 0.6842009265625 0.9761031250000001 0.647640740625 0.8844125 0.6385009265625 0.8844125 0.665921296875 0.972621875
2 0.7188027781249999 0.9714609375000001 0.73643055625 0.9702999999999999 0.67114351875 0.8878937499999999 0.6600453703125 0.8902156250000001 0.7188027781249999 0.9714609375000001
2 0.7520990734375 0.8878937499999999 0.757322221875 0.8913765625 0.8630861109374999 0.972621875 0.8865888890625 0.9714609375000001 0.7605861109375 0.8797703125 0.7520990734375 0.8878937499999999
2 0.4152268515625 0.763971875 0.4093453703125 0.761184375 0.403072221875 0.775125 0.408953703125 0.774428125 0.4152268515625 0.763971875
2 0.534815740625 0.72633125 0.531678703125 0.7277250000000001 0.5728490734375 0.7807015625 0.579122221875 0.7793078125 0.534815740625 0.72633125
2 0.62344444375 0.785734375 0.630715740625 0.785734375 0.5636925921875 0.7300921875 0.5592666671875001 0.7317781250000001 0.62344444375 0.785734375
2 0.9421148140625 0.8424531249999999 0.9431111109374999 0.843634375 0.9892703703124999 0.8572124999999999 0.9952472218749999 0.8524890624999999 0.9484240734375 0.8389109375 0.9421148140625 0.8424531249999999
2 0.7664435187499999 0.7881390625 0.7724212968749999 0.785778125 0.7455222218750001 0.7692484375 0.7415370375 0.7716093749999999 0.7664435187499999 0.7881390625
2 0.6316185187500001 0.7851874999999999 0.637927778125 0.785778125 0.6276333328125 0.7668859375 0.6226518515625 0.7698375000000001 0.6316185187500001 0.7851874999999999
2 0.620327778125 0.7698375000000001 0.6266370375 0.7668859375 0.5987425921875 0.7515359375 0.5947574078125 0.757440625 0.620327778125 0.7698375000000001
2 0.7410759265625 0.773434375 0.7466018515624999 0.7697171875000001 0.7050824078125 0.7580359375 0.7026925921875 0.7636109375 0.7410759265625 0.773434375
2 0.593046296875 0.7553828125 0.5987870375 0.7547453125 0.5914916671875 0.7426265625 0.588740740625 0.745390625 0.593046296875 0.7553828125