2 0.37886203749999997 0.8285781249999999 0.3671398140625 0.8227437500000001 0.3413509265625 0.855253125 0.35401111093750004 0.8594203125 0.37886203749999997 0.8285781249999999
2 0.44731944375 0.7427203125 0.43981759218749994 0.74021875 0.4173111109375 0.7685609375 0.4280953703125 0.770228125 0.44731944375 0.7427203125
2 0.7736666671875 0.9686203125 0.602052778125 0.783565625 0.5964268515625 0.790234375 0.750690740625 0.9719546875 0.7736666671875 0.9686203125
2 0.9101129625000001 0.9727874999999999 0.918552778125 0.956115625 0.7314666671875 0.8385812500000001 0.65175555625 0.78023125 0.6433157406250001 0.7852328125 0.9101129625000001 0.9727874999999999
2 0.5782731484375 0.771209375 0.5863324078125001 0.76941875 0.5784740734375 0.7583140625 0.5720268515625 0.7601046874999999 0.5782731484375 0.771209375
2 0.98928055625 0.849225 0.9961370374999999 0.8458375 0.9481398140625 0.8309390625 0.94356851875 0.8377109375 0.98928055625 0.849225
2 0.6266333328125 0.7733765625 0.6334898140624999 0.7713453125 0.617871296875 0.7611859375 0.6140620375 0.7638953125 0.6266333328125 0.7733765625
2 0.56796944375 0.756446875 0.5748259265625 0.756446875 0.5691120375 0.7476421875 0.564540740625 0.7496734375 0.56796944375 0.756446875
2 0.609234259375 0.7589312500000001 0.6149537031250001 0.7573046875 0.6055740734375 0.7499828125 0.6019129624999999 0.7524234375 0.609234259375 0.7589312500000001
5 0.49326599375 0.8892045453125 0.4991582484375 0.8934659093749999 0.43013468125000004 0.91193181875 0.4991582484375 0.9488636359375 0.571548821875 0.9190340906250001 0.49326599375 0.8892045453125
5 0.2230639734375 0.8707386359375 0.20033669999999998 0.83806818125 0.13468013437499998 0.8394886359375 0.152356903125 0.8721590906250001 0.2230639734375 0.8707386359375