4 0.4270833328125 0.8009265624999999 0.21180555625 0.7623453125 0.10243055625 0.7870375000000001 0.171875 0.8256171875 0.332465740625 0.864196875 0.5677083328125 0.885803125 0.8038194437499999 0.8611109375 0.7048611109375 0.7993828125 0.4270833328125 0.8009265624999999
2 0.2456601859375 0.9706796875 0.32031296249999996 0.9074078125 0.3020833328125 0.9043203125 0.20920185156249999 0.972221875 0.2456601859375 0.9706796875
2 0.6901046296875 0.9706796875 0.7118055562500001 0.972221875 0.6822916671875 0.9135796875000001 0.6701388890625 0.9120375 0.6901046296875 0.9706796875
2 0.7317712968750001 0.9814812500000001 0.754340740625 0.972221875 0.7022574078125 0.9074078125 0.6901046296875 0.91049375 0.7317712968750001 0.9814812500000001
2 0.8914935187499999 0.9737656250000001 0.9262157406249999 0.9799374999999999 0.8072916671874999 0.8981484375000001 0.793402778125 0.902778125 0.8914935187499999 0.9737656250000001
2 0.41453148124999994 0.7729671875 0.4061361109375 0.7703953125 0.3991888890625 0.783775 0.4067148140625 0.783775 0.41453148124999994 0.7729671875
2 0.55724351875 0.7441484375 0.5575324078125 0.752896875 0.5873490734375 0.787378125 0.5945861109374999 0.78531875 0.55724351875 0.7441484375
2 0.6453009265625 0.78985 0.6535777781250001 0.7890625 0.574503703125 0.7302046875 0.57006944375 0.73256875 0.6453009265625 0.78985
2 0.6577157406249999 0.7916890624999999 0.6648101859375 0.792215625 0.6504740734375 0.7743484375 0.645596296875 0.7756609375 0.6577157406249999 0.7916890624999999
2 0.6448574078125 0.77645 0.6509166671875 0.7735593749999999 0.6192879625 0.760159375 0.6160361109375 0.7619984375 0.6448574078125 0.77645
2 0.6129324078125 0.7619984375 0.6185490734375 0.7609468749999999 0.611897221875 0.7501734375 0.608646296875 0.753853125 0.6129324078125 0.7619984375