8 0.47767499999999996 0.8008906250000001 0.46315555625 0.8397265624999999 0.49112870312499995 0.8418578125 0.49445833281249996 0.800653125 0.5037833328125 0.8001796875 0.49019629687500005 0.779340625 0.469415740625 0.798759375 0.47767499999999996 0.8008906250000001
8 0.4971870375 0.738703125 0.49411481406249996 0.7474078125 0.5073953703125 0.7483328124999999 0.5075000000000001 0.7391671875 0.5131768515624999 0.7378703125 0.5046351859375 0.72944375 0.4948953703125 0.7348140625 0.4971870375 0.738703125
2 0.1473074078125 0.8138687499999999 0.21287592656249998 0.7898234375000001 0.2802083328125 0.768915625 0.314903703125 0.7568921875 0.33695555625 0.747484375 0.341072221875 0.7448703125 0.35518518593750004 0.7427796875 0.3931148140625 0.7244843750000001 0.3819416671875 0.7244843750000001 0.3557731484375 0.7365062499999999 0.33813148125 0.74225625 0.32960462968750004 0.7453921875 0.3163740734375 0.7511421875 0.3025546296875 0.7542796875 0.27168148125 0.76525625 0.23992685156250002 0.7757109375 0.2237546296875 0.7788468749999999 0.21140555625 0.78511875 0.142897221875 0.8060281249999999 0.12731388906250002 0.8070734375 0.11614074062499999 0.8122999999999999 0.10379166718749999 0.814390625 0.096147221875 0.8149140625 0.0832101859375 0.8206640625 0.034107407812500004 0.833209375 0.035577778125 0.843140625 0.0523370375 0.838959375 0.09938148125 0.8264140624999999 0.1034981484375 0.8243234375 0.12643148125 0.8190953125 0.13143055625 0.8128234375 0.1473074078125 0.8138687499999999
2 0.1384870375 0.7025296875 0.13878148125 0.7067125 0.1675953703125 0.7103703125 0.2363981484375 0.714553125 0.26550740781250004 0.7161203125 0.255803703125 0.7119390625 0.19846851875 0.709325 0.1384870375 0.7025296875
2 0.6592101859375 0.9800921875 0.6789101859375 0.97695625 0.66068055625 0.9466390625000001 0.6274546296875 0.886003125 0.599522221875 0.8337312499999999 0.573353703125 0.7861640624999999 0.560122221875 0.755846875 0.5501259265625 0.7318015625000001 0.54983148125 0.7244843750000001 0.546303703125 0.7234390625 0.5445388890625 0.728665625 0.546597221875 0.73389375 0.552477778125 0.7532328125000001 0.5668851859374999 0.7898234375000001 0.5883490734375 0.835821875 0.6592101859375 0.9800921875
2 0.8273935187499999 0.814390625 0.8238657406250001 0.8232781250000001 0.9000185187499999 0.8562078124999999 0.9729379625 0.8786859375 0.99910555625 0.8839124999999999 0.9994 0.874503125 0.9741138890625001 0.8708453125 0.904428703125 0.8473218749999999 0.8517981484374999 0.8269359375 0.8273935187499999 0.814390625
2 0.9511796296874999 0.7861640624999999 0.9544138890625 0.78250625 0.9223648140625 0.7741421875000001 0.9194240734375001 0.777278125 0.9511796296874999 0.7861640624999999
2 0.8126925921874999 0.7563703125 0.817690740625 0.7548015625 0.7959324078125001 0.74800625 0.7921101859374999 0.7527109375000001 0.8126925921874999 0.7563703125
3 0.5474796296875 0.72239375 0.532777778125 0.7244843750000001 0.466327778125 0.7239609375 0.3892925921875 0.7213484375 0.34724629687499997 0.71925625 0.327840740625 0.7161203125 0.314609259375 0.7140296875 0.306671296875 0.71664375 0.3187259265625 0.71925625 0.340777778125 0.722915625 0.38870462968749997 0.7255296875 0.4683861109375 0.72814375 0.5486555562500001 0.72814375 0.5474796296875 0.72239375
2 0.425225 0.7636875 0.3711240734375 0.8128234375 0.3270203703125 0.854640625 0.2867379625 0.8891390625 0.2676268515625 0.9006390625 0.2658620375 0.9157984375 0.25439537031250004 0.9272984375 0.22822685156250003 0.932525 0.222640740625 0.9544796874999999 0.19676574062500002 0.9617968749999999 0.1932379625 0.97695625 0.21934444375 0.974865625 0.2228731484375 0.9706828125 0.23933888906249998 0.963365625 0.25198148125 0.9440250000000001 0.27844444375 0.9252062499999999 0.2872648140625 0.909525 0.39046851875 0.8112546875 0.427222221875 0.773096875 0.44398148125 0.75375625 0.4548611109375 0.7453921875 0.46926851875000003 0.7291890624999999 0.4655074078125 0.7260515625 0.44404351875000003 0.7464375000000001 0.43816296250000003 0.7506203124999999 0.427871296875 0.7584609375 0.425225 0.7636875
2 0.6954574078125 0.7579640624999999 0.70515648125 0.7575968750000001 0.689472221875 0.7498921875 0.6855518515625 0.7506265625 0.6954574078125 0.7579640624999999