4 0.5835879625 0.7334203125000001 0.519972221875 0.734775 0.438452778125 0.73274375 0.36569444375 0.730034375 0.3169351859375 0.7266484375 0.2910324078125 0.739515625 0.3516 0.7476421875 0.423596296875 0.751028125 0.5192101859375 0.75170625 0.5752074078125 0.7523828124999999 0.60568148125 0.748996875 0.5835879625 0.7334203125000001
2 0.47502222187500004 0.9636734375 0.5188296296875 0.8763125 0.5016870375 0.8749578124999999 0.4590231484375 0.9589328125 0.47502222187500004 0.9636734375
2 0.4936879625 0.8214578124999999 0.4814981484375 0.8221359375 0.5047351859375 0.8729265625 0.5161629624999999 0.8736046875 0.4936879625 0.8214578124999999
2 0.5024490734375 0.7909843750000001 0.4841648140625 0.8194265625 0.49444999999999995 0.8207812499999999 0.5104490734375 0.7923390625 0.5024490734375 0.7909843750000001
2 0.4921638890625 0.7699906249999999 0.48530740781250004 0.772021875 0.50130648125 0.7916609375 0.5108296296875 0.7916609375 0.4921638890625 0.7699906249999999
2 0.505115740625 0.758478125 0.4994018515625 0.756446875 0.4849259265625 0.7706671875 0.49406851874999996 0.7713453125 0.505115740625 0.758478125
2 0.08150555625 0.9243953125000001 0.0990425921875 0.9122046875 0.12075555625 0.89730625 0.1097083328125 0.8912109375 0.0712203703125 0.9128828125 0 0.967834375 0.006746296875 0.9870234375000001 0.08150555625 0.9243953125000001
2 0.134246296875 0.893478125 0.257025 0.8431078125000001 0.24623148125 0.8371109375 0.11940555625 0.88868125 0.12480185156250001 0.8874812500000001 0.134246296875 0.893478125
2 0.2867074078125 0.8059296874999999 0.2765879625 0.80353125 0.2529768515625 0.8383109375 0.261747221875 0.8419078125 0.2867074078125 0.8059296874999999
2 0.342328703125 0.78559375 0.33700092656249997 0.78145 0.2853851859375 0.8033546875 0.2903796296875 0.8063140625 0.342328703125 0.78559375
2 0.3539833328125 0.7642828125000001 0.348322221875 0.763690625 0.338665740625 0.78145 0.346990740625 0.782634375 0.3539833328125 0.7642828125000001
2 0.3869509265625 0.7542187499999999 0.3812898140625 0.7512578125 0.3503203703125 0.7642828125000001 0.35764722187500003 0.7648734375 0.3869509265625 0.7542187499999999
2 0.076222221875 0.7941265625 0.058052778125 0.7862484375000001 0.05539351875 0.790975 0.0744490734375 0.800428125 0.076222221875 0.7941265625
2 0.13737685156249999 0.7736421874999999 0.12984351875 0.769703125 0.07533518593750001 0.7917625 0.0797666671875 0.7964890625 0.13737685156249999 0.7736421874999999
2 0.20695092656249997 0.7657640625 0.20030370312499998 0.7594624999999999 0.1369333328125 0.770490625 0.14269444375 0.7744296875 0.20695092656249997 0.7657640625
2 0.2366425921875 0.7507953125 0.2273361109375 0.7484328125 0.20340648125 0.7594624999999999 0.20695092656249997 0.7641890625000001 0.2366425921875 0.7507953125
2 0.27785555624999997 0.74449375 0.27298055625 0.739765625 0.23531296249999997 0.74764375 0.23974444374999998 0.7515828124999999 0.27785555624999997 0.74449375
2 0.41035740781249996 0.7342515625 0.431628703125 0.71613125 0.42365185156249996 0.7137687500000001 0.399722221875 0.7334640625 0.41035740781249996 0.7342515625
2 0.6199675921875001 0.7665515625 0.612877778125 0.7507953125 0.608002778125 0.753946875 0.6115481484374999 0.768915625 0.6199675921875001 0.7665515625
2 0.63370555625 0.769703125 0.6523175921875 0.782309375 0.6824518515625 0.7870359375 0.6833379625 0.7799453125 0.6545333328125 0.77521875 0.63769351875 0.7665515625 0.63370555625 0.769703125