4 0.6457824078125001 0.7890515625 0.4170240734375 0.7963140625 0.16375648125 0.75455625 0.0425351859375 0.7901234374999999 0.1831601859375 0.8333328124999999 0.30034722187499996 0.8580249999999999 0.4835074078125 0.8811734375 0.5711805562500001 0.8796296874999999 0.7213546296875 0.8533953125 0.6457824078125001 0.7890515625
2 0.0581601859375 0.918209375 0.14843796250000002 0.8873453124999999 0.19097222187500001 0.8657406249999999 0.1770833328125 0.8595671875 0.1111111109375 0.885803125 0.0486111109375 0.9058640625000001 0.0581601859375 0.918209375
2 0.45659722187499996 0.9768515624999999 0.4869796296875 0.9089499999999999 0.47569444375 0.902778125 0.43836851875000005 0.9675921875 0.45659722187499996 0.9768515624999999
2 0.7552083328125 0.8734562499999999 0.7456601859374999 0.8780859375000001 0.8029518515625 0.9490734375000001 0.8229166671874999 0.9753093749999999 0.8342018515625 0.9614203124999999 0.7552083328125 0.8734562499999999
2 0.36815277812499997 0.735234375 0.289578703125 0.7866796875000001 0.3028416671875 0.7891796875 0.3767361109375 0.739196875 0.36815277812499997 0.735234375
2 0.47309166718749995 0.80153125 0.4737175921875 0.7865031250000001 0.466203703125 0.7865031250000001 0.46557685156249995 0.8026453124999999 0.47309166718749995 0.80153125
2 0.4746574078125 0.75310625 0.47309166718749995 0.74364375 0.4680824078125 0.7442 0.469021296875 0.7536625 0.4746574078125 0.75310625
2 0.1957324078125 0.7520249999999999 0.21502407343750002 0.7484531249999999 0.21582777812499998 0.7438078124999999 0.194325 0.7484531249999999 0.1957324078125 0.7520249999999999
2 0.27209537031250003 0.7327328125 0.2686796296875 0.729875 0.256622221875 0.7338046874999999 0.25863148125 0.737378125 0.27209537031250003 0.7327328125
2 0.2805361109375 0.730946875 0.29259351875 0.727375 0.2889759265625 0.7245171874999999 0.2765166671875 0.7277312499999999 0.27671759218749997 0.7302328124999999 0.2805361109375 0.730946875
2 0.55961851875 0.739078125 0.6454370375 0.7993734375 0.6546870375 0.7957203125000001 0.6408129625 0.7829296875 0.588396296875 0.7509546874999999 0.5472861109375 0.7235484375000001 0.5400916671875 0.7262890625 0.55961851875 0.739078125