8 0.1890851859375 0.75885625 0.1522870375 0.7699281250000001 0.16813888906250002 0.776971875 0.20720092656250003 0.7638890625 0.213428703125 0.7679140624999999 0.2258833328125 0.753825 0.181159259375 0.7558374999999999 0.1890851859375 0.75885625
0 0.3546629625 0.7357015625 0.274234259375 0.7243640625000001 0.200184259375 0.73948125 0.29443055625 0.758378125 0.3546629625 0.7357015625
2 0.3221740734375 0.9737562499999999 0.3643398140625 0.9046171875000001 0.3491925921875 0.900978125 0.304571296875 0.9723 0.3221740734375 0.9737562499999999
2 0.4097796296875 0.8267468750000001 0.4490796296875 0.7568796875 0.44089166718749995 0.756153125 0.39790833281250004 0.82601875 0.4097796296875 0.8267468750000001
2 0.4573481484375 0.745221875 0.46674351875 0.7236359375 0.46153981406250005 0.723121875 0.44983148125000005 0.74419375 0.4573481484375 0.745221875
2 0.3781361109375 0.729546875 0.41311666718750006 0.71284375 0.42034351875000003 0.7092453125 0.415284259375 0.7053906249999999 0.37495555625 0.7236359375 0.3781361109375 0.729546875
2 0.042221296874999995 0.8505171875 0.022997221875 0.8530859375000001 0.029935185937499997 0.8690187500000001 0.0404870375 0.8661921875 0.1944166671875 0.8092078125000001 0.29820092656249997 0.7657796875 0.3337601859375 0.7480484374999999 0.3216175921875 0.7470203125 0.2825870375 0.7621171875 0.2546888890625 0.774453125 0.18726296250000002 0.7996359375 0.10293148125 0.8294453125000001 0.042221296874999995 0.8505171875
2 0.0826731484375 0.760396875 0.0759574078125 0.75586875 0.04029444375 0.7608078125 0.04469444375 0.7645140625 0.0826731484375 0.760396875
2 0.1398416671875 0.75105625 0.132165740625 0.74764375 0.10529722187499999 0.754240625 0.11105462968749999 0.7558328125 0.1398416671875 0.75105625
2 0.1859018515625 0.74355 0.1798879625 0.74059375 0.1580101859375 0.745596875 0.16274444375 0.749009375 0.1859018515625 0.74355
2 0.6616120375000001 0.8660375 0.5659953703125 0.7524453125 0.543790740625 0.725859375 0.5367666671875 0.72706875 0.5986231484375 0.8080328124999999 0.6686361109375001 0.8950390625000001 0.7309453703125001 0.9747953125000001 0.7524703703125 0.9743921875 0.6616120375000001 0.8660375
5 0.3257575765625 0.8309659093749999 0.3013468015625 0.8125 0.2483164984375 0.8139204546875 0.271043771875 0.8366477265625001 0.3257575765625 0.8309659093749999
5 0.5151515140625 0.8295454546875 0.46127946093750005 0.84375 0.5126262625 0.8622159093749999 0.5597643109375 0.8451704546875 0.5151515140625 0.8295454546875
5 0.095959596875 0.7883522734375 0.1422558921875 0.7911931812499999 0.13299663281250002 0.7741477265625 0.0925925921875 0.7698863640625 0.095959596875 0.7883522734375