8 0.24057499999999998 0.7458843749999999 0.21081388906249998 0.754703125 0.22569444375 0.76058125 0.25380277812499996 0.75029375 0.2604166671875 0.7517640625 0.2653768515625 0.7436796875 0.23644166718749998 0.744415625 0.24057499999999998 0.7458843749999999
1 0 0.8765437500000001 0.14149351875 0.8256171875 0.1458333328125 0.8101859375 0.0052083328125 0.8086421874999999 0 0.8765437500000001
2 0.44531296249999996 0.739196875 0.41927129687500003 0.7885796875 0.4322916671875 0.7885796875 0.45659722187499996 0.7438265625 0.44531296249999996 0.739196875
2 0.3925629625 0.829496875 0.3013296296875 0.973153125 0.32948148125 0.96851875 0.40507499999999996 0.8304234375 0.3925629625 0.829496875
2 0.0010583328125 0.8813984375 0.041706481249999997 0.8674953125 0.2867324078125 0.7711078125 0.34512129687500004 0.7423765625 0.3357379625 0.7377421875 0.164740740625 0.8072531250000001 0.0005370375 0.8610078124999999 0.0010583328125 0.8813984375
2 0.06883148125 0.81559375 0.129827778125 0.81559375 0.1282638890625 0.8054 0.0672675921875 0.8054 0.06883148125 0.81559375
2 0.057102778124999996 0.7639109375 0.09374444374999999 0.7592578125 0.090175 0.7533359374999999 0.054962037500000005 0.757565625 0.057102778124999996 0.7639109375
2 0.11610925937500001 0.750375 0.117775 0.7546046875 0.1484675921875 0.74910625 0.1456129625 0.7453000000000001 0.11610925937500001 0.750375
2 0.1691675921875 0.746990625 0.19200833281250002 0.7423390624999999 0.1874879625 0.7389546874999999 0.16702592656249998 0.7427609375 0.1691675921875 0.746990625
2 0.7422046296875 0.9721484374999999 0.74656851875 0.9707796875 0.756884259375 0.9713203125 0.629722221875 0.8263796875 0.542109259375 0.7225421875 0.536025 0.7247046874999999 0.672921296875 0.8966875 0.7331555562500001 0.9713203125 0.7422046296875 0.9721484374999999
5 0.5050505046875 0.7940340906250001 0.4730639734375 0.7997159093749999 0.5075757578125 0.8110795453125 0.54377104375 0.7997159093749999 0.5050505046875 0.7940340906250001
5 0.366161615625 0.7911931812499999 0.345959596875 0.78125 0.3072390578125 0.7855113640625 0.3240740734375 0.7982954546875 0.366161615625 0.7911931812499999
5 0.20622895625 0.7684659093749999 0.1978114484375 0.7585227265625 0.1607744109375 0.7585227265625 0.1759259265625 0.7698863640625 0.20622895625 0.7684659093749999