1 0.33474351874999997 0.7503859375 0.221896296875 0.7320609375 0.054796296875 0.7609953125 0.1969398140625 0.80825625 0.33474351874999997 0.7503859375
2 0.031662037500000004 0.8747562500000001 0.09413148125000001 0.8526984375 0.07530555625 0.8405265625 0.0235324078125 0.8549796875 0.031662037500000004 0.8747562500000001
2 0.1898916671875 0.7300828125 0.16900462968750002 0.73374375 0.11605277812499999 0.7397578125 0.076927778125 0.74341875 0.049715740625 0.7449874999999999 0.05206944375 0.7507406249999999 0.0814870375 0.749171875 0.1685638890625 0.73845 0.19901111093749999 0.73374375 0.1898916671875 0.7300828125
2 0.1835666671875 0.7319125 0.17577129687499998 0.7285140625000001 0.12914351875000002 0.7319125 0.07589814843750001 0.7366203125 0.044714814062500004 0.7387125 0.045903703125 0.7444640625 0.0839990734375 0.7428953125 0.0997259265625 0.7397578125 0.159297221875 0.7340046874999999 0.1835666671875 0.7319125
2 0.37284722187499997 0.7295234374999999 0.29607685156249997 0.762865625 0.2000518515625 0.8019859374999999 0.21505555625 0.8104328125 0.29007592656250003 0.77486875 0.3793490734375 0.7339687500000001 0.4398648140625 0.7024046875 0.4316120375 0.7001828125 0.37284722187499997 0.7295234374999999
2 0.40735648125 0.8482203125 0.419109259375 0.8242140625 0.40960648125 0.82288125 0.3926018515625 0.8473312500000001 0.40735648125 0.8482203125
2 0.44661666718750004 0.7726453125 0.4526175921875 0.7619765625 0.445615740625 0.76153125 0.4403648140625 0.7713125 0.44661666718750004 0.7726453125
2 0.5253870375 0.70640625 0.5211361109375 0.708184375 0.55389444375 0.74775 0.585902778125 0.7859828125 0.5939046296875 0.7819812500000001 0.55339444375 0.7379703125 0.5253870375 0.70640625
2 0.7984583328125 0.753084375 0.7959574078125 0.755753125 0.8662259265625 0.7726453125 0.9309925921875 0.7859828125 0.9389944437500001 0.7819812500000001 0.8672259265625 0.7686453125 0.7984583328125 0.753084375
3 1 0.749084375 0.9975101859375 0.745528125 0.9347435187500001 0.7593093750000001 0.8552231484374999 0.769978125 0.758447221875 0.7762015625 0.7626990734375 0.7824265625 0.802709259375 0.7788703124999999 0.873727778125 0.7722015625 0.93674444375 0.762865625 1 0.749084375
2 0.7514453703124999 0.7486390625 0.7581972218749999 0.745528125 0.6989324078125 0.7313015625 0.69743148125 0.7330796875 0.7514453703124999 0.7486390625