8 0.08125 0.7888890625 0.0091666671875 0.8014812499999999 0.0279166671875 0.8148140625 0.0991666671875 0.796296875 0.1075 0.8007406250000001 0.1266666671875 0.783703125 0.0779166671875 0.7851859375 0.08125 0.7888890625
0 0.31875 0.7533328125 0.2304166671875 0.737778125 0.1208333328125 0.75851875 0.23125 0.7918515625 0.31875 0.7533328125
2 0.3498268515625 0.8904328125 0.316840740625 0.9475312499999999 0.33680555624999997 0.9521609375000001 0.36631944375000003 0.8981484375000001 0.3498268515625 0.8904328125
2 0.41927129687500003 0.8009265624999999 0.42534722187499996 0.8024687500000001 0.43402777812500004 0.78549375 0.426215740625 0.7824078125 0.41927129687500003 0.8009265624999999
2 0.4543638890625 0.7589671874999999 0.4580231484375 0.748125 0.45009444375 0.7448718750000001 0.4476546296875 0.7557140625 0.4543638890625 0.7589671874999999
2 0.35251296249999997 0.7383671875 0.1896740734375 0.8034203124999999 0.0323240734375 0.8565484375000001 0.0042675921875000005 0.8652218749999999 0.003659259375 0.8869078125 0.1445425921875 0.8359484374999999 0.32628796250000003 0.7589671874999999 0.389715740625 0.7296921875 0.41228148124999997 0.717765625 0.40191388906250003 0.715596875 0.35251296249999997 0.7383671875
2 0.548284259375 0.7372828124999999 0.5427953703124999 0.74161875 0.5543833328125001 0.7589671874999999 0.6092731484375 0.8305265625 0.7135629625 0.9747312499999999 0.7184425921875001 0.9758156250000001 0.73551851875 0.973646875 0.648915740625 0.8630546875 0.5940259265625001 0.79583125 0.548284259375 0.7372828124999999
2 0.1006296296875 0.7535453125 0.06830555625 0.7611359375 0.073184259375 0.7676406250000001 0.11099722187500001 0.7600515624999999 0.1006296296875 0.7535453125
2 0.15125 0.7492093750000001 0.125025 0.751378125 0.1317333328125 0.7578828125 0.162227778125 0.751378125 0.15125 0.7492093750000001
2 0.2011453703125 0.7423015625 0.194434259375 0.7412171875 0.17775648125000001 0.74519375 0.1759259265625 0.7473640625 0.1785703703125 0.748809375 0.1976879625 0.7448328125 0.2011453703125 0.7423015625
2 0.03543055625 0.7632171875 0 0.7681265625 0.00046018593749999994 0.7771234375 0.0423324078125 0.76894375 0.03543055625 0.7632171875