1 0.17013888906250002 0.8209875 0.41406296249999996 0.7129624999999999 0.26069166718750003 0.709365625 0.0020712968750000002 0.7242656249999999 0.0020712968750000002 0.75619375 0.17013888906250002 0.8209875
2 0.0460074078125 0.8564812500000001 0 0.8796296874999999 0.0026046296875 0.8981484375000001 0.059027778125 0.8688265625 0.0460074078125 0.8564812500000001
2 0.1979166671875 0.8194437499999999 0.3420138890625 0.7546296875 0.39149351875 0.7314812500000001 0.3886629625 0.72628125 0.300152778125 0.76695625 0.187859259375 0.8119140625 0.1979166671875 0.8194437499999999
2 0.19779351875 0.8178015625 0.1887620375 0.8140562499999999 0.1086824078125 0.842421875 0.11590833281249999 0.8477734375000001 0.1324648140625 0.84295625 0.19779351875 0.8178015625
2 0.3820416671875 0.9082531250000001 0.41305092656250003 0.848309375 0.44616666718750003 0.7856890625 0.43984444375000004 0.7835484375 0.36849444375 0.9066468750000001 0.3820416671875 0.9082531250000001
2 0.47235833281249995 0.7332390625 0.467240740625 0.732703125 0.4633268515625 0.7423375 0.4515851859375 0.762140625 0.45760648125000003 0.7632109375 0.46573518593749996 0.74661875 0.47235833281249995 0.7332390625
2 0.6973083328125 0.9020796875 0.728825 0.9441015625 0.74143148125 0.9399 0.7067629625 0.900678125 0.6973083328125 0.9020796875
2 0.6681546296875001 0.8698625 0.6795796296875001 0.8677609374999999 0.65751851875 0.8418468750000001 0.6472749999999999 0.8439484374999999 0.6681546296875001 0.8698625
2 0.628759259375 0.8229374999999999 0.6386083328125001 0.8215359375 0.6256074078125 0.8047281249999999 0.618515740625 0.805428125 0.628759259375 0.8229374999999999
2 0.6051212968749999 0.7942218750000001 0.6141824078125 0.7942218750000001 0.6035453703125 0.7802140625 0.5976361109375 0.780915625 0.6051212968749999 0.7942218750000001
2 0.5897574078125001 0.7753125 0.594878703125 0.7732109375 0.58818148125 0.76480625 0.582665740625 0.76480625 0.5897574078125001 0.7753125
2 0.5838481484375 0.759903125 0.5763620375 0.7507984375000001 0.5728166671875 0.7522 0.57754444375 0.7620046874999999 0.5838481484375 0.759903125
2 0.5724231484375 0.747296875 0.547209259375 0.71858125 0.5413 0.71648125 0.5696648140625 0.7500984374999999 0.5724231484375 0.747296875
2 0.7687148140625 0.772784375 0.790396296875 0.7802578125 0.7948074078125 0.7773171875 0.7706842593750001 0.7671812499999999 0.7687148140625 0.772784375
2 0.91195555625 0.8190796875 0.9171416671875001 0.8147765625 0.881528703125 0.8034046874999999 0.8766879624999999 0.804634375 0.8761685187499999 0.8086296875000001 0.91195555625 0.8190796875
2 0.8440129625000001 0.7984875 0.84868055625 0.7963359375 0.84556851875 0.791725 0.816697221875 0.7834265625 0.8125481484374999 0.7874218749999999 0.8440129625000001 0.7984875