1 0.0012083328125000001 0.729596875 0.0026703703125 0.7200078125 0.0005175921875 0.7335843750000001 0 0.8750249999999999 0.18656018593749998 0.8081406250000001 0.321346296875 0.7526078125 0.39918055625000004 0.7167109375 0.20381851874999998 0.7170171875 0.0491851859375 0.7286765625 0.0012083328125000001 0.729596875
2 0.75446851875 0.972528125 0.7801111109375001 0.9730343749999999 0.7453509265625 0.9355515625 0.7308203703125 0.939096875 0.75446851875 0.972528125
2 0.6903620375 0.893509375 0.7031833328125 0.8899640625 0.6695620375 0.8534937499999999 0.65930555625 0.857546875 0.6903620375 0.893509375
2 0.6373666671875 0.8398187500000001 0.6530370375000001 0.835259375 0.6282490734375 0.811959375 0.620271296875 0.8134781249999999 0.6373666671875 0.8398187500000001
2 0.78068148125 0.776503125 0.782390740625 0.777515625 0.80205 0.7856203125000001 0.810027778125 0.7820750000000001 0.789228703125 0.7714375 0.78068148125 0.776503125
2 0.9453648140625001 0.83019375 0.9596111109375001 0.8246218750000001 0.908040740625 0.8114531250000001 0.9006324078124999 0.8144921875 0.9453648140625001 0.83019375
2 0.8667268515625001 0.8048671875 0.87385 0.8028421874999999 0.8388046296875 0.789671875 0.8311120375 0.7942312499999999 0.8667268515625001 0.8048671875
2 0.5382138890625 0.7086281249999999 0.531946296875 0.7101484375 0.55559444375 0.7375 0.5906398140625 0.7795421874999999 0.5989018515625 0.7754890624999999 0.550465740625 0.721290625 0.5382138890625 0.7086281249999999
2 0.32110462968750003 0.9730343749999999 0.3208203703125 0.974046875 0.344753703125 0.973540625 0.4091453703125 0.8605859375 0.39005555625 0.859065625 0.32110462968750003 0.9730343749999999
2 0.4336481484375 0.8048671875 0.46014629687499997 0.74864375 0.45359259218750003 0.74763125 0.419972221875 0.8053750000000001 0.4336481484375 0.8048671875
2 0.46513425937499997 0.7393125 0.47464629687500004 0.7199328125 0.47111944375 0.719171875 0.4595768515625 0.7387421875 0.46513425937499997 0.7393125
2 0.030353703125 0.8804093749999999 0.212202778125 0.8098046875 0.3253379625 0.757553125 0.38187592656249997 0.731521875 0.373753703125 0.728103125 0.309878703125 0.7565671875 0.21390277812499997 0.7975671875 0.0708601859375 0.8501984374999999 0.0231925921875 0.8631187499999999 0.030353703125 0.8804093749999999
2 0.16539351875 0.713 0.0457611109375 0.7182296874999999 0.0013074078125 0.7191 0.000653703125 0.7249109375 0.034484259375 0.723459375 0.10672129687500001 0.721134375 0.18516851875 0.7138703125 0.16539351875 0.713
2 0.18958148125000002 0.7147421875 0.16784444375000002 0.7179390625 0.1103166671875 0.7202625 0.059815740625 0.7231687499999999 0.00098055625 0.722878125 0.002125 0.7286890625 0.0491925921875 0.7252015625 0.1294379625 0.72375 0.17095 0.7191 0.2024925921875 0.7164859375 0.18958148125000002 0.7147421875