8 0.4933333328125 0.783703125 0.4883333328125 0.81851875 0.5166666671875 0.817778125 0.5091666671875 0.7822218750000001 0.5195833328125 0.7822218750000001 0.5008333328125001 0.762221875 0.4829166671875 0.78148125 0.4933333328125 0.783703125
8 0.3325 0.7711109375 0.2845833328125 0.8 0.31416666718749997 0.803703125 0.3495833328125 0.77555625 0.3579166671875 0.776296875 0.36583333281249997 0.756296875 0.3258333328125 0.7681484375000001 0.3325 0.7711109375
9 0.20603148125 0.7525062499999999 0.19538425937499998 0.7550640625 0.19250648125 0.7535296875 0.203153703125 0.7499484375 0.1691990734375 0.7514828125 0.1571129625 0.761203125 0.17754351875000002 0.7571109375 0.1798453703125 0.7571109375 0.1372583328125 0.7668296875 0.1571129625 0.7724578125 0.21754166718749998 0.7565984375 0.22473518593750003 0.757621875 0.24631666718749998 0.743809375 0.202578703125 0.7489250000000001 0.20603148125 0.7525062499999999
2 0.386565740625 0.8208984375 0.32921851874999997 0.9009484375 0.27654351875 0.9681609375000001 0.2943851859375 0.9742031250000001 0.3980351859375 0.82391875 0.414602778125 0.799753125 0.40185833281249994 0.799753125 0.386565740625 0.8208984375
2 0.43371851875 0.76954375 0.45835648124999995 0.7332953125 0.4507101859375 0.72951875 0.42309814843750004 0.7703 0.43371851875 0.76954375
2 0.46278981406249997 0.7252234375 0.47193148125000006 0.709890625 0.467447221875 0.709584375 0.45727037031249995 0.7249171875 0.46278981406249997 0.7252234375
2 0.541103703125 0.728334375 0.5466879625 0.72658125 0.536503703125 0.7108125000000001 0.5328898140625 0.7113953125 0.541103703125 0.728334375
2 0.5713287031250001 0.773890625 0.5798703703125 0.7703875 0.5493166671874999 0.7318374999999999 0.5453740734375 0.7353421875 0.5713287031250001 0.773890625
2 0.705372221875 0.9736421875 0.7313268515625 0.9730593750000001 0.600897221875 0.7990062499999999 0.590384259375 0.8007578125 0.705372221875 0.9736421875
2 0.70734351875 0.7902453125 0.714571296875 0.7826515625 0.6511638890625 0.7511125 0.6491925921874999 0.7552015625 0.70734351875 0.7902453125
2 0.8203611109375 0.8661734375 0.8285750000000001 0.8620859375000001 0.7162148140625 0.7844046875 0.70964351875 0.7890765625 0.8203611109375 0.8661734375
2 0.9389638890625 0.9450234375000001 0.9494768515625 0.934509375 0.8285750000000001 0.8626703125 0.8216749999999999 0.8685109375 0.9389638890625 0.9450234375000001
2 0.615352778125 0.7359265625 0.6166675921875 0.73943125 0.6465638890625 0.75636875 0.6531351859375001 0.7511125 0.61798148125 0.7330062500000001 0.615352778125 0.7359265625
2 0.0595416671875 0.8480671875000001 0.19588518593749998 0.800175 0.2560074078125 0.7768109375 0.295103703125 0.758121875 0.34767037031250003 0.7365109375000001 0.40774722187499995 0.707890625 0.399502778125 0.7067234375 0.3459509265625 0.7295015625 0.2437759265625 0.7692187500000001 0.10086111093750001 0.817696875 0.021431481250000002 0.8422265624999999 0.029315740624999996 0.8609171874999999 0.0595416671875 0.8480671875000001