9 0.31775648125 0.7347937499999999 0.3125 0.73691875 0.31058888906250004 0.73649375 0.312977778125 0.73521875 0.2957759265625 0.7347937499999999 0.29482037031249997 0.741165625 0.30294351875 0.7377671875 0.30533240781250004 0.7386171874999999 0.2890861109375 0.7437140624999999 0.3022268515625 0.7462625 0.3239675921875 0.7381921874999999 0.33041851875 0.7386171874999999 0.33543611093750003 0.731396875 0.31441111093749996 0.7335203124999999 0.31775648125 0.7347937499999999
8 0.4025703703125 0.742015625 0.38465185156250004 0.752209375 0.40018148125 0.7551812499999999 0.411171296875 0.7441390625000001 0.4178611109375 0.7445640625000001 0.41618888906249996 0.73521875 0.395403703125 0.741590625 0.4025703703125 0.742015625
8 0.49678055624999995 0.746528125 0.4946111109375 0.757459375 0.509621296875 0.757459375 0.5074509265625 0.74685 0.51341851875 0.746528125 0.5020249999999999 0.73816875 0.4904518515625 0.74620625 0.49678055624999995 0.746528125
2 0.4305490734375 0.7113375 0.42505648125000006 0.7098359375000001 0.392522221875 0.7233562499999999 0.3321018515625 0.74814375 0.245484259375 0.7819453125 0.141122221875 0.8142453125 0.02450648125 0.8510515625 0.028731481250000003 0.869078125 0.030421296874999997 0.869078125 0.052392592187499996 0.8638203125 0.15929074062499998 0.8255125 0.280553703125 0.7774390624999999 0.3477351859375 0.7496453125 0.414915740625 0.721103125 0.4305490734375 0.7113375
2 0.3088629625 0.9704843750000001 0.3997046296875 0.834525 0.38576203750000004 0.831521875 0.28224351875 0.9704843750000001 0.3088629625 0.9704843750000001
2 0.42716851875 0.7932125 0.45463240781250003 0.7488953125 0.44829444374999994 0.74814375 0.414915740625 0.7917109375 0.42716851875 0.7932125
2 0.4610101859375 0.7414109375 0.47059907343749996 0.7250062500000001 0.4655333328125 0.725328125 0.4550388890625 0.7404468750000001 0.4610101859375 0.7414109375
2 0.7036370375 0.971071875 0.7244444437500001 0.971071875 0.6187805562500001 0.83436875 0.6091916671875001 0.8366203125 0.7036370375 0.971071875
2 0.5771666671875 0.7935187499999999 0.5863944437499999 0.7915890625 0.5572648140625 0.7507390625 0.55165555625 0.7520265625 0.5771666671875 0.7935187499999999
2 0.54478055625 0.743340625 0.5505703703125 0.7423765625 0.5379055562499999 0.725328125 0.5342861109375 0.7246859375 0.54478055625 0.743340625
2 0.8462175921874999 0.9712156249999999 0.8728120374999999 0.9734937499999999 0.8237879625 0.9262140625 0.7401601859375 0.8470359375 0.702671296875 0.8111499999999999 0.6526861109375 0.7678578125 0.6248101859374999 0.7456421875 0.5780296296875 0.7188703125 0.5757870375 0.7234265625 0.62160648125 0.7513390625 0.6344231484375 0.764440625 0.6930583328125001 0.8179859374999999 0.7193324078125001 0.841340625 0.8096898140625 0.9341890625 0.8462175921874999 0.9712156249999999