9 0.1381740734375 0.7788671875000001 0.1213231484375 0.7843140625 0.11917870312500001 0.7821343749999999 0.1354166671875 0.7783218749999999 0.0980388890625 0.7772328125 0.078125 0.7897609375 0.10110277812499999 0.7859484375 0.043811110937499995 0.7973859375 0.06311296250000001 0.8071890625 0.1528796296875 0.7843140625 0.163909259375 0.7886703125000001 0.1930148140625 0.7696078125 0.1354166671875 0.77614375 0.1381740734375 0.7788671875000001
8 0.2922796296875 0.8120921875 0.21139722187499999 0.8583875000000001 0.24264722187499999 0.8649234375000001 0.3112740734375 0.8142703125 0.3235296296875 0.81699375 0.33517129687499997 0.7903046875 0.28339444375 0.80936875 0.2922796296875 0.8120921875
8 0.5 0.8284312500000001 0.492647221875 0.89596875 0.5306370375 0.89596875 0.5202203703125 0.8284312500000001 0.5318629625 0.8289765625 0.509190740625 0.798475 0.4871324078125 0.8295203125 0.5 0.8284312500000001
11 0.7132351859375 0.804465625 0.67401944375 0.7957515625 0.6822916671875 0.8028328124999999 0.663909259375 0.8077343750000001 0.7475490734375 0.8758171875 0.775428703125 0.869825 0.693627778125 0.813725 0.6979166671875 0.8131812500000001 0.712928703125 0.8224406249999999 0.7132351859375 0.804465625
9 0.3570675921875 0.720234375 0.35269814843749997 0.7220984374999999 0.35217407343749996 0.7220984374999999 0.35427129687500003 0.7193015625 0.339590740625 0.7199234375 0.3415129625 0.7242734375000001 0.34728055625 0.7227187500000001 0.3388916671875 0.7261375 0.348503703125 0.7283125 0.36283518593749997 0.7214765625 0.367903703125 0.7227187500000001 0.3694768515625 0.716815625 0.353922221875 0.718990625 0.3570675921875 0.720234375
8 0.42470648125 0.724584375 0.41474444374999997 0.7311093750000001 0.42855185156250003 0.7329734375 0.43431944375000003 0.7258265625 0.43903796249999993 0.7258265625 0.43624166718749996 0.7199234375 0.42103611093750004 0.723340625 0.42470648125 0.724584375
8 0.50248148125 0.726759375 0.5010833328125 0.734215625 0.51261851875 0.7345265624999999 0.510871296875 0.7276906249999999 0.514715740625 0.726759375 0.5066768515625 0.7208546874999999 0.4974129625 0.72706875 0.50248148125 0.726759375
2 0.2769101859375 0.7808640625 0.3116324078125 0.7623453125 0.35590277812500004 0.742284375 0.35156296249999996 0.7345671874999999 0.31944444375000003 0.74845625 0.2907990734375 0.7623453125 0.265625 0.7716046875 0.22916666718749998 0.7870375000000001 0.18923611093749998 0.8009265624999999 0.16232685156249999 0.8117281249999999 0.097222221875 0.8348765625000001 0.0616324078125 0.8425921875 0.03125 0.8564812500000001 0.032118518750000005 0.8688265625 0.05729166718749999 0.8595671875 0.075521296875 0.8549374999999999 0.1501740734375 0.828703125 0.1770833328125 0.8194437499999999 0.21875 0.8009265624999999 0.2769101859375 0.7808640625
2 0.478171296875 0.7073140625 0.2898379625 0.9703843750000001 0.290652778125 0.969659375 0.3163351859375 0.9718328125 0.4158009265625 0.8174703125 0.4834703703125 0.7073140625 0.478171296875 0.7073140625
2 0.5764583328125 0.763325 0.5509287031250001 0.7298 0.5451259265624999 0.730315625 0.6138833328125 0.8303734374999999 0.7174546296875 0.9742703125000001 0.7403740734375 0.9742703125000001 0.6704555562500001 0.8865921875 0.5764583328125 0.763325
2 0.6130129625 0.7323796875 0.6092416671875001 0.7354734374999999 0.6231675921875001 0.7432109375 0.663202778125 0.7653875 0.734571296875 0.8040703125 0.7368925921875 0.79685 0.6661046296875 0.7591984375 0.6130129625 0.7323796875
2 0.88195 0.8773078125 0.8938444437499999 0.87318125 0.739503703125 0.7989124999999999 0.7331203703125 0.8025234375 0.88195 0.8773078125
2 0.9039990734375 0.8767921875000001 0.889202778125 0.882465625 0.9393925921875 0.90464375 0.9715953703125001 0.9134109374999999 0.9802990734374999 0.90464375 0.947515740625 0.89484375 0.9039990734375 0.8767921875000001