9 0.06550648125 0.7932421875 0.0816148140625 0.7922875 0.0381231484375 0.7875140625 0.015136110937499999 0.8005171875 0.0010740734375 0.8018328125 0.0005370375 0.8228328125000001 0.10201851875000001 0.79896875 0.111147221875 0.8018328125 0.153565740625 0.7808328125 0.0832259265625 0.7875140625 0.09074351875 0.7922875 0.0676546296875 0.7961046875 0.06550648125 0.7932421875
8 0.2528990734375 0.83810625 0.141752778125 0.9030171875 0.1728953703125 0.9144718749999999 0.2770620375 0.841925 0.2899481484375 0.8457421875 0.3082046296875 0.8085140624999999 0.24430833281250003 0.832378125 0.2528990734375 0.83810625
8 0.49989259218750004 0.862925 0.49076481406249994 0.970790625 0.5412370375 0.9717453125000001 0.525128703125 0.8638796875000001 0.5396259265625 0.862925 0.5095574078125 0.8180609375 0.484321296875 0.862925 0.49989259218750004 0.862925
11 0.75118148125 0.8237875000000001 0.70231944375 0.8132875 0.7135953703125 0.8228328125000001 0.6921175921875 0.832378125 0.8140037031249999 0.927834375 0.8483675921874999 0.917334375 0.7286296296875 0.8361968750000001 0.7334620375 0.8352421874999999 0.7560138890625 0.852425 0.75118148125 0.8237875000000001
8 0.5025240734375 0.7312609375 0.5012796296875 0.740425 0.5133675921874999 0.740740625 0.511234259375 0.7312609375 0.5167444437500001 0.7312609375 0.5073240734375 0.7246234375 0.496302778125 0.7312609375 0.5025240734375 0.7312609375
8 0.4196888890625 0.728415625 0.40795648125 0.7363171875 0.42359907343750003 0.7375812500000001 0.4292879625 0.730628125 0.4349759265625 0.7303124999999999 0.4328425921875 0.7239921875 0.41595555624999997 0.7271515625 0.4196888890625 0.728415625
9 0.34680740781249997 0.7239921875 0.342896296875 0.7252562499999999 0.3407638890625 0.7243078125 0.34378518593749996 0.7239921875 0.3286759265625 0.723359375 0.3316981484375 0.7290484375 0.3375638890625 0.7271515625 0.326009259375 0.73094375 0.3377416671875 0.7328406249999999 0.3542731484375 0.725571875 0.3592509265625 0.7262046875 0.3619166671875 0.7211484375 0.34378518593749996 0.7224125 0.34680740781249997 0.7239921875
2 0.3901129625 0.722125 0.366677778125 0.7311093750000001 0.2752379625 0.7703203125 0.14060555624999999 0.821784375 0.028948148437499998 0.8585437499999999 0.0261916671875 0.8740640624999999 0.24261388906249998 0.79564375 0.34324351875 0.7498984375 0.402059259375 0.724575 0.3901129625 0.722125
2 0.2416953703125 0.726209375 0.23893796250000002 0.734378125 0.2178009265625 0.739278125 0.1580666671875 0.7490812499999999 0.0670861109375 0.7597015625 0.008271296875 0.7646015625 0.01056851875 0.77930625 0.118090740625 0.7646015625 0.20447592656250002 0.7482640625 0.2439925921875 0.7400953125 0.251803703125 0.73029375 0.24858796249999998 0.726209375 0.2416953703125 0.726209375
2 0.2450870375 0.7259671875 0.272034259375 0.722715625 0.2965425921875 0.7170796875 0.2858129625 0.715128125 0.27191203750000004 0.7188125000000001 0.24374537031250001 0.7218484375 0.2450870375 0.7259671875
2 0.23911203749999999 0.7190296875 0.24374537031250001 0.722715625 0.26520555625000003 0.7196796875 0.2887388890625 0.7144781250000001 0.27813055625 0.7129609375 0.2615481484375 0.716428125 0.23911203749999999 0.7190296875
2 0.4851768515625 0.7056312499999999 0.48046666718750003 0.7056312499999999 0.4631120375 0.7307546874999999 0.4256759265625 0.7854062500000001 0.3617129625 0.8753187499999999 0.2932879625 0.9714 0.318575 0.9718406249999999 0.38179444375 0.8722328125000001 0.440303703125 0.7792359375 0.47104537031250004 0.72943125 0.4851768515625 0.7056312499999999
2 0.7422435187499999 0.9736046875 0.66343055625 0.8722328125000001 0.5848398140625 0.776590625 0.54195 0.7192953125 0.5369916671875 0.7201765625000001 0.5434129624999999 0.72943125 0.5763861109375 0.7774734375000001 0.6341509265624999 0.8563656249999999 0.7167083328125 0.9736046875 0.7422435187499999 0.9736046875
2 0.9720888890625 0.91101875 0.9787824078125 0.90264375 0.91953055625 0.8823703125 0.8302796296875 0.8418218749999999 0.7762333328125 0.8149359374999999 0.7700351859375 0.82110625 0.7680518515625 0.82110625 0.7940833328125 0.8321249999999999 0.8627564812499999 0.866503125 0.9272157406250001 0.8977953125000001 0.9720888890625 0.91101875
2 0.680784259375 0.773946875 0.6936759265625 0.7814390625 0.7685481484375 0.820665625 0.7769768515625 0.8144953125000001 0.6884703703125 0.7708609375 0.680784259375 0.773946875
2 0.6091361109375 0.7303124999999999 0.603434259375 0.7329578125 0.641365740625 0.75323125 0.677065740625 0.772625 0.688222221875 0.771303125 0.65574444375 0.7545546875 0.6091361109375 0.7303124999999999