9 0.2370953703125 0.7522578125 0.22517592656250002 0.75548125 0.23890925937500002 0.7605484375 0.27855555625 0.74626875 0.28425555625 0.7476499999999999 0.29850740781249996 0.7379765625 0.24150092656250002 0.74304375 0.2370953703125 0.7522578125
8 0.37507129687499996 0.755909375 0.351109259375 0.773446875 0.37157962968749997 0.7757515625 0.3902361109375 0.7577843750000001 0.3980101859375 0.75870625 0.3983574078125 0.745796875 0.369915740625 0.7549609375 0.37507129687499996 0.755909375
8 0.50373148125 0.7614703125 0.50088055625 0.7826609375 0.5208333328125 0.7826609375 0.5159101859375 0.761009375 0.523165740625 0.7605484375 0.5091731484375 0.74949375 0.494921296875 0.7619312500000001 0.50373148125 0.7614703125
9 0.3464518515625 0.7189359375000001 0.3421861109375 0.7211484375 0.353384259375 0.7243078125 0.36778333281250003 0.71735625 0.3727601859375 0.7179875 0.374715740625 0.712615625 0.3452074078125 0.715459375 0.3464518515625 0.7189359375000001
8 0.427865740625 0.7202 0.41862222187500003 0.7262046875 0.4310648140625 0.7287328125 0.4378203703125 0.7220953125 0.442797221875 0.7220953125 0.43906388906249993 0.7145109374999999 0.42502129687499995 0.7189359375000001 0.427865740625 0.7202
8 0.5030574078125001 0.7227281249999999 0.50216851875 0.7287328125 0.51425648125 0.7290484375 0.5123009265625 0.72304375 0.5167444437500001 0.7220953125 0.507146296875 0.7164078125 0.49736944375 0.7224125 0.5030574078125001 0.7227281249999999
11 0.5727388890625 0.7170390624999999 0.5745166671875 0.7195671875 0.5647398140625 0.7202 0.5743388890625 0.730628125 0.5855379625 0.7296796875 0.57665 0.7220953125 0.58109351875 0.7243078125 0.5864259265625 0.720515625 0.5727388890625 0.7170390624999999
2 0.125 0.8271609375000001 0.018229629687500002 0.8626546875000001 0.03993055625 0.875 0.12847222187500001 0.83950625 0.2638888890625 0.7870375000000001 0.379340740625 0.7314812500000001 0.3654518515625 0.7283953125 0.30555555624999997 0.7530859375000001 0.125 0.8271609375000001
2 0.473090740625 0.7253093749999999 0.4626740734375 0.7253093749999999 0.3767361109375 0.8549374999999999 0.2925351859375 0.9753093749999999 0.3220490734375 0.9753093749999999 0.4157990734375 0.8194437499999999 0.473090740625 0.7253093749999999
2 0.5642361109375 0.7376546875 0.5564240734375 0.7376546875 0.559027778125 0.75 0.7161462968750001 0.9799374999999999 0.754340740625 0.9783953125 0.6848962968750001 0.8950625000000001 0.5642361109375 0.7376546875
2 0.7347296296875 0.8039046875 0.745872221875 0.8000703124999999 0.670746296875 0.76045 0.6657138890625001 0.7655624999999999 0.7347296296875 0.8039046875
2 0.8979231484374999 0.88761875 0.9115824078125 0.878671875 0.7494675921875 0.8013484375000001 0.7397620375 0.8039046875 0.8979231484374999 0.88761875
2 0.9734083328124999 0.9138187500000001 0.9867083328125 0.9042328124999999 0.92056851875 0.881228125 0.9040333328125 0.8882578125 0.9734083328124999 0.9138187500000001
2 0.1994981484375 0.7246640625 0.094177778125 0.7336109375000001 0.1028046296875 0.74191875 0.21351759218750002 0.7284984375 0.1994981484375 0.7246640625
2 0.091527778125 0.7282640625 0.0967518515625 0.7354890625 0.1609953703125 0.730328125 0.20027685156250002 0.7241359375 0.1886666671875 0.7203515625 0.1507398140625 0.72516875 0.091527778125 0.7282640625