9 0.1851018515625 0.7640546875 0.16524259218749998 0.7707171875000001 0.184352778125 0.7767125 0.23868425937499999 0.760059375 0.245803703125 0.761390625 0.26603703749999996 0.7474015625 0.19596851875000001 0.7547296875 0.1851018515625 0.7640546875
8 0.3465981484375 0.774046875 0.308378703125 0.79869375 0.33685555625 0.802690625 0.3660824078125 0.7747140625 0.3765740734375 0.7753796875 0.37882222187500003 0.7593921875 0.3428509265625 0.7720484375 0.3465981484375 0.774046875
8 0.50304351875 0.7826546875 0.5005990734375 0.81335 0.5249546296875 0.8126828125 0.5182611109375 0.7826546875 0.527477778125 0.7822734375 0.5099666671875001 0.7640546875 0.4921120375 0.7818937499999999 0.50304351875 0.7826546875
8 0.5028296296875 0.729690625 0.5011148140625 0.7388359375 0.5146175921875 0.7384546875 0.5122601859375 0.730453125 0.5163324078125 0.730453125 0.5079731484375001 0.72359375 0.49747129687499997 0.7300718749999999 0.5028296296875 0.729690625
8 0.41923888906249995 0.7270234375 0.40959351875000005 0.73540625 0.4222398140625 0.73655 0.42866944374999993 0.7281671875 0.43488518593750003 0.7285468749999999 0.4323129625 0.7213078125 0.41559537031250005 0.7258796875 0.41923888906249995 0.7270234375
9 0.3279324078125 0.7213078125 0.328146296875 0.7266421875 0.32128796249999997 0.729690625 0.33714814843749996 0.7312140625 0.35086574062500003 0.7247375 0.3590101859375 0.7247375 0.3605111109375 0.718640625 0.342721296875 0.7205453125 0.3279324078125 0.7213078125
11 0.5806324078125 0.7254984375 0.5821333328125 0.7270234375 0.5718453703125 0.7274046875 0.58191851875 0.7388359375 0.59435 0.7395968749999999 0.5838481484375 0.729690625 0.5872768515625 0.7312140625 0.593921296875 0.7277859375 0.5806324078125 0.7254984375
2 0.10279166718749999 0.7354625 0.0230888890625 0.7405234375 0.030047221875000002 0.7478328125 0.11607592656250001 0.741084375 0.10279166718749999 0.7354625
2 0.16838425937499998 0.7334937499999999 0.1547009265625 0.7303453125 0.1130074078125 0.7352109375 0.1208953703125 0.7403625 0.16838425937499998 0.7334937499999999
2 0.1083388890625 0.7346390625 0.1585648140625 0.7292015625 0.147296296875 0.7266250000000001 0.102222221875 0.7306328125 0.102222221875 0.7309187500000001 0.1083388890625 0.7346390625
2 0.02189351875 0.7326359375 0.0268833328125 0.736928125 0.0775916671875 0.7386453125 0.100934259375 0.7357828125 0.0917583328125 0.7309187500000001 0.0603675921875 0.732921875 0.02189351875 0.7326359375
2 0.25886203750000003 0.7736359375 0.1528009265625 0.81343125 0.024247221875 0.8541734375000001 0.031178703125000002 0.8693328125 0.10872592656249999 0.8409078125 0.24383333281250003 0.793059375 0.40249722187500003 0.7186796875 0.392903703125 0.7177328125 0.3449370375 0.738578125 0.25886203750000003 0.7736359375
2 0.470346296875 0.7201015625 0.45808796249999995 0.7366828125 0.379740740625 0.8541734375000001 0.30299351875 0.9697687500000001 0.32138055625 0.9726109375 0.40479074062500003 0.8385390625 0.457021296875 0.750421875 0.4751425921875 0.7201015625 0.470346296875 0.7201015625
2 0.5497583328125 0.7286296875 0.546027778125 0.729103125 0.5836018515625 0.781215625 0.7240398140625001 0.9711890625 0.7472240734375 0.9707156250000001 0.6462259265625 0.8480140625000001 0.5678796296875 0.7499484375 0.5497583328125 0.7286296875
2 0.8071833328125001 0.8390124999999999 0.8122462968749999 0.83475 0.7269712968750001 0.7902171874999999 0.707784259375 0.7816890625 0.7072509265625 0.787375 0.8071833328125001 0.8390124999999999
2 0.8090481484375 0.8413812500000001 0.916175 0.8944421874999999 0.9724037031250001 0.9171828124999999 0.986527778125 0.9029703124999999 0.8197074078125001 0.8361703125 0.8090481484375 0.8413812500000001