2 0.02288148125 0.7467703125 0.0894759265625 0.7406984375000001 0.080596296875 0.7358421875000001 0.016734259374999998 0.7425203125000001 0.02288148125 0.7467703125
9 0.0791074078125 0.7861640624999999 0.10121851875000001 0.78266875 0.043730556250000004 0.794025 0.0624018515625 0.8053812499999999 0.1533018515625 0.7817953125 0.1616546296875 0.7844171875 0.19801481406250002 0.7660734375 0.0982703703125 0.7713140625 0.0791074078125 0.7861640624999999
8 0.287440740625 0.8088749999999999 0.21226388906250002 0.8560453125 0.24911574062500003 0.8665265625 0.3134824078125 0.8114953125 0.3262574078125 0.8149890624999999 0.3365759265625 0.7861640624999999 0.281053703125 0.807128125 0.287440740625 0.8088749999999999
8 0.502653703125 0.8263453125 0.4992138890625 0.89360625 0.538522221875 0.89360625 0.52378148125 0.8263453125 0.5360648140625 0.8254718750000001 0.51248055625 0.794025 0.48840370312500003 0.8272187499999999 0.502653703125 0.8263453125
9 0.2991231484375 0.7265734375 0.2948546296875 0.7341624999999999 0.28660092656249997 0.7371984375 0.3016851859375 0.740234375 0.3250231484375 0.730621875 0.3321379625 0.7326453125 0.33697592656249997 0.7225265624999999 0.313353703125 0.7265734375 0.2991231484375 0.7265734375
8 0.4024361109375 0.7356812500000001 0.389059259375 0.7463062500000001 0.403575 0.7488359375 0.41495925937499994 0.7377046875 0.4212203703125 0.7366937499999999 0.419797221875 0.728596875 0.39930555624999997 0.73466875 0.4024361109375 0.7356812500000001
8 0.5020490734374999 0.739728125 0.5003416671875 0.751365625 0.5165638890625 0.751871875 0.5134333328125 0.739728125 0.5179870375 0.739728125 0.50745648125 0.730115625 0.49521851874999995 0.7392234375 0.5020490734374999 0.739728125
11 0.5905620375 0.7316328125 0.5934083328125 0.7341624999999999 0.5828777781250001 0.7356812500000001 0.5991009265625 0.753390625 0.613615740625 0.751365625 0.5979620375 0.7392234375 0.601946296875 0.7412468750000001 0.6102000000000001 0.7356812500000001 0.5905620375 0.7316328125
2 0.9784287031250001 0.9185874999999999 0.98935648125 0.9064453125 0.8602657406249999 0.851803125 0.801184259375 0.8232687500000001 0.7981101859375 0.8366250000000001 0.9784287031250001 0.9185874999999999
2 0.4340601859375 0.7886625 0.46957685156249995 0.7291640625 0.461722221875 0.72855625 0.437896296875 0.7637703124999999 0.37300925937499996 0.862125 0.295827778125 0.97019375 0.32485648125 0.9714078125000001 0.4340601859375 0.7886625
2 0.33092407343749997 0.73705625 0.2298370375 0.7813765625 0.085377778125 0.83601875 0.0259546296875 0.85301875 0.0334675921875 0.8700171875 0.15846111093749998 0.8226609375 0.2728666671875 0.7759125 0.374978703125 0.730378125 0.3824916671875 0.7249140625 0.3736129625 0.7212703125 0.33092407343749997 0.73705625
3 0.4197166671875 0.7206640625 0.3384370375 0.71580625 0.30872592656250003 0.71155625 0.30394444374999996 0.718234375 0.3514148140625 0.7230921875 0.5074851859375 0.730378125 0.59013055625 0.7315921875 0.584325 0.726734375 0.5054361109375 0.726128125 0.4197166671875 0.7206640625
2 0.0802546296875 0.7358421875000001 0.0655703703125 0.730378125 0.005122221875 0.7340203125 0.014685185937500001 0.739484375 0.0802546296875 0.7358421875000001
2 0.549490740625 0.7279484375 0.5453925921875 0.730984375 0.5949120375 0.8001968749999999 0.6351120375 0.853825 0.7257101859375 0.9750515625 0.7516648140625 0.97444375 0.6331611109375 0.8305546874999999 0.549490740625 0.7279484375