8 0.5019101859374999 0.8613703125000001 0.497340740625 0.9685828125 0.5498277781249999 0.970790625 0.529322221875 0.8613703125000001 0.54485555625 0.8613703125000001 0.513315740625 0.8171062499999999 0.48646944375 0.85910625 0.5019101859374999 0.8613703125000001
8 0.248603703125 0.832378125 0.14630370312500002 0.8987328124999999 0.177371296875 0.9149765625 0.27605555625 0.8402531249999999 0.29317037031250004 0.841925 0.3141111109375 0.804696875 0.237677778125 0.83050625 0.248603703125 0.832378125
9 0 0.7990734374999999 0.00300648125 0.8223843750000001 0.09894907343750001 0.79476875 0.1117416671875 0.7996421875 0.1583981484375 0.776059375 0.0381231484375 0.7817875 0.0167120375 0.79639375 0 0.7990734374999999
9 0.28100092656250003 0.7318703125 0.2772583328125 0.7385234374999999 0.2688370375 0.7429578125 0.28443148125 0.7462859374999999 0.3103166671875 0.73575 0.3174898140625 0.7363046875 0.3252870375 0.7268796875 0.29659444375 0.73020625 0.28100092656250003 0.7318703125
8 0.392340740625 0.7429578125 0.3770583328125 0.754046875 0.39265185156250004 0.7562656249999999 0.407934259375 0.7435125 0.4138601859375 0.744621875 0.41261203750000003 0.7335328125 0.3895333328125 0.73963125 0.392340740625 0.7429578125
8 0.501497221875 0.7468390625 0.5002490734375 0.7607015625 0.5183379625 0.7607015625 0.513972221875 0.7468390625 0.5211453703125 0.7462859374999999 0.507422221875 0.736859375 0.4940120375 0.7462859374999999 0.501497221875 0.7468390625
11 0.598490740625 0.7374140625 0.6009851859374999 0.7401859375 0.588822221875 0.7424046875 0.6084703703125001 0.761809375 0.6246879625 0.760146875 0.6056638890625 0.744621875 0.6115888890625001 0.7485031249999999 0.61595555625 0.7412953124999999 0.598490740625 0.7374140625
2 0.978459259375 0.90573125 0.870009259375 0.8577453125 0.8666351859375 0.8731687499999999 0.9717111109375001 0.9160140625000001 0.978459259375 0.90573125
2 0.5552638890625 0.7343531249999999 0.5480333328125 0.7360671875 0.5755074078125 0.7771984375 0.6825120375 0.9211546875 0.7225175921875 0.97256875 0.7528833328125 0.9759953124999999 0.6535916671875001 0.8534609375000001 0.5552638890625 0.7343531249999999
2 0.4554898140625 0.7334968749999999 0.40054166718750006 0.8123296874999999 0.29835740781250003 0.9742828125 0.33402592656249996 0.9708546874999999 0.42126759218750004 0.8174718750000001 0.46609351875 0.7343531249999999 0.4554898140625 0.7334968749999999
2 0.0353990734375 0.8671 0.1272481484375 0.8363234374999999 0.2675101859375 0.7789109375 0.379334259375 0.7274984375 0.36101759218749996 0.7274984375 0.2477481484375 0.776340625 0.07615555625 0.835465625 0.0250638890625 0.8543171875000001 0.0353990734375 0.8671
2 0.037596296875000004 0.7386375000000001 0 0.7429218750000001 0.0024101859375 0.7540625000000001 0.0510916671875 0.7446359375 0.037596296875000004 0.7386375000000001
2 0.030365740625 0.7326390625 0.0019277781250000002 0.7317828125 0.0028916671875 0.7429218750000001 0.040005556250000004 0.73778125 0.030365740625 0.7326390625
3 0.37210370312499996 0.7215 0.2892 0.716359375 0.2882361109375 0.7240703125 0.3788518515625 0.7317828125 0.49019351875000006 0.7369234375 0.5933416671875 0.73778125 0.5870759265625 0.73006875 0.46946759218749995 0.7274984375 0.37210370312499996 0.7215