9 0.136975 0.7764656249999999 0.11728981406250001 0.78156875 0.1312333328125 0.7764656249999999 0.09514444375 0.7764656249999999 0.07381851874999999 0.78813125 0.09678518593749999 0.7852140624999999 0.03855 0.7983374999999999 0.0619259265625 0.8070859374999999 0.1500981484375 0.7830265625 0.16158148125 0.78594375 0.1939796296875 0.7662578124999999 0.132053703125 0.7720906249999999 0.136975 0.7764656249999999
8 0.29035462968750003 0.8092734374999999 0.21325462968750003 0.8603093749999999 0.247703703125 0.8683296875 0.3120898140625 0.814378125 0.32480277812499997 0.8158359374999999 0.3362861109375 0.788859375 0.280922221875 0.8092734374999999 0.29035462968750003 0.8092734374999999
8 0.50196851875 0.8282296875 0.49786759218750004 0.8974921874999999 0.540928703125 0.8974921874999999 0.52534444375 0.8282296875 0.537647221875 0.8275 0.5118111109375 0.7946921875 0.4888453703125 0.8282296875 0.50196851875 0.8282296875
11 0.71604351875 0.8041703124999999 0.6807740734375 0.7946921875 0.686515740625 0.8012546875 0.6672407406249999 0.8056281249999999 0.7541833328124999 0.879265625 0.7833009265624999 0.8712453124999999 0.7016898140625 0.8158359374999999 0.7000490734375 0.8092734374999999 0.716453703125 0.8216687500000001 0.71604351875 0.8041703124999999
2 0.581597221875 0.78395 0.6692712968750001 0.8981484375000001 0.7274305562500001 0.9768515624999999 0.7578129625 0.9753093749999999 0.676215740625 0.8796296874999999 0.59375 0.776234375 0.581597221875 0.78395
2 0.7261138890625001 0.7899546875000001 0.7118833328124999 0.7792015625000001 0.7129509265625 0.7886890625 0.7264703703125 0.7988078125 0.7261138890625001 0.7899546875000001
2 0.7986898140625 0.834859375 0.8100740734375 0.8260046875 0.7833925921875 0.8152531249999999 0.7784111109375 0.8260046875 0.7809018515624999 0.8266375 0.7986898140625 0.834859375
2 0.8001129625000001 0.8342265624999999 0.8840731484375001 0.8816625 0.9751490734375 0.9158156249999999 0.981552778125 0.8987390625 0.8862083328124999 0.8652171875000001 0.8065166671874999 0.8272703124999999 0.8001129625000001 0.8342265624999999
2 0.42869537031249993 0.7785703125000001 0.3760425921875 0.8544656249999999 0.3023990734375 0.9689421875 0.3287259265625 0.9721046875000001 0.39525370312499997 0.8538328125 0.437234259375 0.7785703125000001 0.42869537031249993 0.7785703125000001
2 0.198872221875 0.7899546875000001 0.10993148125 0.8247390625 0.0658166671875 0.8354921875000001 0.02276851875 0.8519359375000001 0.0284611109375 0.8696453125 0.08609444375 0.8538328125 0.162584259375 0.8209453124999999 0.24369814843749998 0.78805625 0.28638981406249997 0.767184375 0.2707361109375 0.766553125 0.198872221875 0.7899546875000001
3 0.6687101859375 0.772878125 0.589375 0.7754078125 0.4918953703125 0.7760390625 0.3848111109375 0.7709796875 0.3056953703125 0.7652875 0.226715740625 0.7513734375000001 0.167303703125 0.740621875 0.1661416671875 0.7482109375 0.217015740625 0.7589625 0.386003703125 0.7811 0.4991370375 0.78489375 0.611202778125 0.78489375 0.6687101859375 0.7804671875 0.6687101859375 0.772878125
3 0.6708999999999999 0.7722453125000001 0.6687657406249999 0.7621249999999999 0.6050833328125 0.7652875 0.5065370375 0.7646546875 0.40514444374999997 0.7621249999999999 0.33505925937500003 0.757065625 0.26616944375 0.74884375 0.18043055624999998 0.73619375 0.17014907343750002 0.741253125 0.21746574062500001 0.7494765625 0.33984907343750004 0.7652875 0.4480009265625 0.7741421875000001 0.55935555625 0.7735093749999999 0.6289203703124999 0.7741421875000001 0.6708999999999999 0.7722453125000001
3 0.5894379625 0.747578125 0.4713240734375 0.744415625 0.3155 0.7349296875 0.23271111093750002 0.7267078125 0.20460648125 0.721646875 0.20355462968750002 0.7279718749999999 0.291784259375 0.7482109375 0.4913675921875 0.7564328125 0.6087703703125 0.7558 0.67233055625 0.757065625 0.670196296875 0.7437843749999999 0.5894379625 0.747578125