9 0.20197037031249998 0.752053125 0.1918361109375 0.7625265625 0.173925 0.7696500000000001 0.193721296875 0.7742578124999999 0.24391944375 0.7570812499999999 0.251697221875 0.7583375 0.267015740625 0.747025 0.22860092656250003 0.7495390625 0.20197037031249998 0.752053125
8 0.3544490734375 0.76923125 0.3179203703125 0.79269375 0.3396018515625 0.7981390625 0.3702398140625 0.7704875 0.3784879625 0.7717453125 0.3801379625 0.7562421875 0.349028703125 0.7675546875 0.3544490734375 0.76923125
8 0.5019796296875 0.7776109375 0.50009444375 0.8048437500000001 0.523897221875 0.8056812499999999 0.5170629625000001 0.777190625 0.5253111109375 0.7759343750000001 0.50905 0.7608515625 0.49278888906249996 0.776771875 0.5019796296875 0.7776109375
11 0.656815740625 0.7667171875000001 0.6327768515625001 0.7612703125 0.635840740625 0.7650406249999999 0.6212296296875001 0.7675546875 0.6582296296875 0.8023296875 0.68061851875 0.799815625 0.6405546296875 0.77090625 0.6436175921875 0.7704875 0.6509240734375 0.7755156249999999 0.656815740625 0.7667171875000001
2 0.3031509265625 0.9710640625 0.32215555625 0.9726984375000001 0.37211851875 0.889325 0.453040740625 0.7514578125 0.44813611093750005 0.7503671875 0.3031509265625 0.9710640625
2 0.028975926562499997 0.8684140625 0.21058148124999998 0.8005015625 0.3200101859375 0.752003125 0.33533611093750004 0.7438281250000001 0.3273666671875 0.7443734375 0.2685138890625 0.7688953125 0.1115740734375 0.8261125 0.0229888890625 0.8598984375000001 0.028975926562499997 0.8684140625
2 0.601397221875 0.792871875 0.5667601859375 0.7514578125 0.56246944375 0.7536375 0.5903629625 0.7917828124999999 0.68048055625 0.9089421874999999 0.72983055625 0.972153125 0.747915740625 0.972153125 0.6645416671875 0.8713421875 0.601397221875 0.792871875
3 0.621934259375 0.7563625 0.6234675921874999 0.7487328125 0.5860712968749999 0.7487328125 0.48491851874999997 0.7487328125 0.392421296875 0.7454625 0.28966388906249996 0.737834375 0.23418333281249998 0.73075 0.22835925937499998 0.7340203125 0.259390740625 0.73946875 0.33686851875 0.7465531249999999 0.430971296875 0.7530921875 0.56185648125 0.7558171875 0.621934259375 0.7563625
3 0.6209638890625 0.7503671875 0.6218833328125 0.7432828125000001 0.5177898140625 0.7432828125000001 0.4426916671875 0.7416484375 0.34981481406250003 0.7362 0.24191851875 0.7242109375 0.238547221875 0.7285703125 0.3401888890625 0.7416484375 0.4177388890625 0.7460078125 0.4768981484375 0.7481875 0.5550611109375 0.7498234375 0.6209638890625 0.7503671875
3 0.546125 0.7296609375 0.4204509265625 0.7302046875 0.3140870375 0.7209421875 0.2516620375 0.7133125 0.2510259265625 0.7203968749999999 0.3043611109375 0.726390625 0.436165740625 0.7383796874999999 0.555709259375 0.7383796874999999 0.6249018515625 0.7389234375 0.6175444437500001 0.732384375 0.546125 0.7296609375
2 0.77396944375 0.813034375 0.7010175921874999 0.7748890625 0.6970324078125001 0.7808843750000001 0.77396944375 0.8212078125 0.77396944375 0.813034375