9 0.1545370375 0.7638890625 0.1418583328125 0.774853125 0.116159259375 0.7833828125 0.1353481484375 0.7906921875 0.20353611093750001 0.7699812500000001 0.21278796249999998 0.7718078125 0.23197685156249997 0.7571875 0.18845925937500002 0.7626703125 0.1545370375 0.7638890625
8 0.3268916671875 0.787646875 0.274465740625 0.81993125 0.303590740625 0.8266328125 0.34539444375 0.7900828125 0.3556740734375 0.7913015624999999 0.362527778125 0.7711984375000001 0.3169546296875 0.78581875 0.3268916671875 0.787646875
8 0.5023296296875001 0.7980015625 0.4985611109375 0.8406437499999999 0.5294 0.8406437499999999 0.5198055562499999 0.7980015625 0.5294 0.7973921875000001 0.50986851875 0.7779 0.4906796296875 0.7992203124999999 0.5023296296875001 0.7980015625
11 0.6815379625 0.7833828125 0.6524120375 0.778509375 0.655496296875 0.7827734375000001 0.6407620374999999 0.785209375 0.6962722218749999 0.8339421874999999 0.7202574078125 0.829678125 0.6654333328125001 0.7900828125 0.6685166671875 0.7888640625 0.6781111109375 0.7961750000000001 0.6815379625 0.7833828125
2 0.5801509265625 0.7652734375 0.57318148125 0.76704375 0.6309305562499999 0.8508296874999999 0.7281759265625001 0.9759156250000001 0.7477574078125 0.9753265624999999 0.678059259375 0.888590625 0.6140037031250001 0.8101171875000001 0.5801509265625 0.7652734375
2 0.73083055625 0.79890625 0.7656796296875 0.8195578125 0.8814620375000001 0.87738125 0.8857768515625001 0.8655796875 0.80413148125 0.8266375 0.73310555625 0.7924156250000001 0.73083055625 0.79890625
2 0.43843240781250004 0.76409375 0.4025879625 0.8177875 0.30368333281250004 0.97060625 0.329902778125 0.9711953125000001 0.3966138890625 0.8508296874999999 0.44606574062500004 0.7658640625 0.43843240781250004 0.76409375
2 0.09027500000000001 0.8307671875 0.0232324078125 0.852009375 0.028875 0.866759375 0.10554259218749999 0.844928125 0.275472221875 0.7753046875 0.314303703125 0.7570140624999999 0.29770925937500003 0.7540640625 0.21307592656250002 0.79005625 0.09027500000000001 0.8307671875
3 0.5601509265625 0.7623234375 0.4330351859375 0.760553125 0.32085555625 0.7517031249999999 0.2329833328125 0.739903125 0.220372221875 0.738721875 0.20909351874999998 0.7410828125 0.23796851874999997 0.74934375 0.43113055625 0.770584375 0.566875 0.76999375 0.6567324078125 0.770584375 0.6527490734375 0.761734375 0.5601509265625 0.7623234375
3 0.57444351875 0.76114375 0.641153703125 0.76114375 0.6441407406249999 0.7540640625 0.54695555625 0.7540640625 0.41917592656249997 0.7517031249999999 0.355452778125 0.7481625000000001 0.2854231484375 0.739903125 0.217052778125 0.729871875 0.20941944375000002 0.736953125 0.28138055624999997 0.7469828125 0.3258546296875 0.7517031249999999 0.38526388906250003 0.7558328125 0.470228703125 0.760553125 0.57444351875 0.76114375
3 0.6385379625 0.74639375 0.643515740625 0.7410828125 0.6245981484375001 0.739903125 0.5556092593749999 0.7381328125 0.490890740625 0.7381328125 0.3966324078125 0.735771875 0.29009444375000004 0.726921875 0.23168055625 0.7180718749999999 0.2273666671875 0.7257421875000001 0.24955740781250002 0.7304625 0.3683759265625 0.7416734375 0.49084444375 0.7452124999999999 0.60999444375 0.7475734375 0.6385379625 0.74639375
3 0.7494166671875 0.75819375 0.832722221875 0.7534734375000001 0.824425 0.745803125 0.7381324078125 0.7517031249999999 0.7494166671875 0.75819375
3 0.8264166671875 0.7434421875 0.81811944375 0.735771875 0.7321583328125 0.7375421875 0.73448148125 0.745803125 0.8264166671875 0.7434421875