9 0.014497221874999999 0.797059375 0.02953148125 0.797059375 0.0016111109375000002 0.800878125 0.0021481484374999997 0.8218781249999999 0.099334259375 0.794196875 0.1095361109375 0.7980140625 0.1541018515625 0.776059375 0.08376296250000001 0.78465 0.0397333328125 0.7836953125 0.014497221874999999 0.797059375
8 0.2507518515625 0.8342875 0.1439 0.9011078124999999 0.1788018515625 0.9182890625000001 0.2770620375 0.8390609375 0.291559259375 0.8428796875 0.3114259265625 0.8056515624999999 0.24054999999999999 0.8314234375 0.2507518515625 0.8342875
8 0.54606944375 0.861015625 0.513315740625 0.8171062499999999 0.48646944375 0.861015625 0.5031138890625 0.862925 0.49774444375 0.9755625 0.55305 0.9736546875000001 0.5321092593750001 0.861015625 0.54606944375 0.861015625
11 0.7527916671875 0.8247421875000001 0.7109111109375 0.815196875 0.7195018515625 0.8247421875000001 0.6958759265625 0.8304703124999999 0.8188361109375 0.9306984375 0.8574953703125001 0.9201984375000001 0.736147221875 0.840015625 0.73936851875 0.8371515625000001 0.7565509265625 0.8476515625 0.7527916671875 0.8247421875000001
3 0.6944250000000001 0.7961328125 0.6957324078125 0.7860546875 0.5507324078125 0.7930312500000001 0.4107601859375 0.7860546875 0.2520379625 0.7744265625 0.1329953703125 0.74419375 0.1172981484375 0.7503953125 0.24878055625 0.7821796875 0.337734259375 0.79148125 0.4681138890625 0.8015593750000001 0.6111388890625 0.803109375 0.6944250000000001 0.7961328125
3 0.6953120375 0.7837296874999999 0.6909518515624999 0.7721015625 0.626521296875 0.7752015625 0.5175083328125 0.777528125 0.37535555625 0.7721015625 0.21314444375 0.7496203125 0.15296944375 0.7403187499999999 0.1473009265625 0.74496875 0.2736509265625 0.7728765625 0.3918203703125 0.7837296874999999 0.50519444375 0.78760625 0.6238 0.7868296875 0.6953120375 0.7837296874999999
3 0.6953074078125 0.766675 0.6970509265625 0.7503953125 0.620809259375 0.752721875 0.500459259375 0.753496875 0.38839351875 0.7472953125 0.2375203703125 0.731790625 0.1838861109375 0.7224890625 0.1782166671875 0.727915625 0.2932675921875 0.7511703125 0.39573981406250003 0.7581484374999999 0.513909259375 0.763575 0.6115851859375 0.763575 0.6953074078125 0.766675
2 0.3361018515625 0.9734765624999999 0.42898055625 0.7936296875 0.4172074078125 0.7945828125000001 0.2994731484375 0.9727015625 0.3361018515625 0.9734765624999999
2 0.2541240734375 0.7812265625 0.24028333281249997 0.7750250000000001 0.10554351875000001 0.8238640625 0.02269351875 0.84634375 0.031414814062500004 0.8695999999999999 0.2541240734375 0.7812265625
2 0.28779351875 0.6907046875 0.16831574062500002 0.69690625 0.179652778125 0.703884375 0.30872407343749997 0.69535625 0.28779351875 0.6907046875
2 0.7526240734375 0.972103125 0.604802778125 0.7961328125 0.5921574078125 0.7953578125 0.7229731484374999 0.9752046875 0.7526240734375 0.972103125
2 0.766577778125 0.8054359375000001 0.7460833328125 0.7953578125 0.7452120375 0.8093109374999999 0.7661416671875 0.8186140625 0.766577778125 0.8054359375000001
2 0.9880925921875001 0.9271421875 0.9933249999999999 0.9077624999999999 0.838090740625 0.8426453125 0.838090740625 0.8573734375000001 0.9880925921875001 0.9271421875
3 0.9034981484375001 0.7643500000000001 0.969777778125 0.7511703125 0.9636731484375 0.7457453125 0.8455037031250001 0.7643500000000001 0.855096296875 0.7705515625 0.9034981484375001 0.7643500000000001
3 0.9610574078124999 0.7333406250000001 0.8463759265625 0.74341875 0.849427778125 0.755046875 0.9728305562499999 0.7395437499999999 0.9610574078124999 0.7333406250000001