1 0.07679074062499999 0.8839656250000001 0.20572962968750003 0.9359078125 0.406440740625 0.75298125 0.408346296875 0.7191062500000001 0.3314916671875 0.7247515625000001 0 0.827778125 0.0024768515625 0.8387984375 0.07679074062499999 0.8839656250000001
2 0.23958333281250002 0.953703125 0.4045138890625 0.7793203125 0.40625 0.75154375 0.21006944375 0.9367281249999999 0.23958333281250002 0.953703125
2 0.16136388906250002 0.75303125 0.090315740625 0.7669453125000001 0.09483148125 0.781396875 0.178222221875 0.761059375 0.16136388906250002 0.75303125
2 0.1454083328125 0.743396875 0.0861009265625 0.7541015625 0.09121851875 0.7642703125 0.16136388906250002 0.753565625 0.1454083328125 0.743396875
2 0.2748601859375 0.7193125 0.22036944374999998 0.7284109375 0.220972221875 0.7423265625 0.28509629687500004 0.7257359375 0.2748601859375 0.7193125
2 0.3073740734375 0.731621875 0.2899129625 0.7225234375 0.22398240781249998 0.7396499999999999 0.22368148125 0.7524953125 0.3073740734375 0.731621875
2 0.5578490734375 0.78193125 0.5482148140625 0.7664109375 0.5421944437499999 0.7690875 0.5464092593750001 0.7835375 0.5578490734375 0.78193125
2 0.627090740625 0.9173375 0.598490740625 0.864353125 0.58675 0.8697046875 0.6042111109375 0.9210843750000001 0.627090740625 0.9173375
2 0.6830861109375 0.7669453125000001 0.69603148125 0.7637343750000001 0.6767638890625001 0.7519609375 0.6668296296875 0.7573125 0.6830861109375 0.7669453125000001
2 0.7189111109375 0.78193125 0.72824444375 0.779790625 0.7062675921875 0.7680171875 0.6984398140625 0.771228125 0.7189111109375 0.78193125
2 0.7688861109375 0.8070859374999999 0.780025 0.803340625 0.7466083328125 0.7867484375 0.7405870375 0.789959375 0.7688861109375 0.8070859374999999
2 0.8429444437500001 0.8418749999999999 0.8543851859375 0.8349171875 0.8086249999999999 0.8113671874999999 0.79989444375 0.817790625 0.8429444437500001 0.8418749999999999
2 0.9486138890625 0.886296875 0.95885 0.8777328125 0.8959296296874999 0.8536484375000001 0.8862962968750001 0.85793125 0.9486138890625 0.886296875
2 0.8245805562499999 0.75303125 0.8348166671874999 0.7487484375 0.814947221875 0.7417921875 0.8065175921875 0.7444671875 0.8245805562499999 0.75303125
2 0.8751574078125 0.761059375 0.8802749999999999 0.7541015625 0.8531805562500001 0.750890625 0.8483638890625 0.7567765625 0.8751574078125 0.761059375
2 0.9344648140625 0.7722984375 0.9398833328125 0.7658750000000001 0.9040583328125 0.7605234375000001 0.9010481484374999 0.7658750000000001 0.9344648140625 0.7722984375
2 0.991965740625 0.7487484375 0.9922666671875 0.74125625 0.831203703125 0.7235953125 0.8278925921875 0.733228125 0.991965740625 0.7487484375