1 0.11617129687500001 0.8083109374999999 0.3067203703125 0.8546078125 0.4096166671875 0.75975625 0.4096166671875 0.72249375 0.360709259375 0.7247515625000001 0.11617129687500001 0.8083109374999999
2 0.40834814843749995 0.7727593749999999 0.4070824078125 0.7606078125 0.316703703125 0.8488203125 0.3399953703125 0.8528703125 0.40834814843749995 0.7727593749999999
2 0.24455370312500002 0.75160625 0.32936203750000004 0.7313531249999999 0.3172101859375 0.726403125 0.20151574062500002 0.75430625 0.20379444375000003 0.7651078124999999 0.24455370312500002 0.75160625
2 0.2101231484375 0.7408046875000001 0.19569351875000002 0.7435046875 0.20151574062500002 0.75340625 0.22075648124999997 0.7475562499999999 0.2101231484375 0.7408046875000001
2 0.3053120375 0.7214515625 0.2736666671875 0.728653125 0.2724009265625 0.7403546875 0.3164509265625 0.725053125 0.3053120375 0.7214515625
2 0.54708055625 0.7678078125 0.5394851859375 0.75520625 0.5334101859375 0.75700625 0.5377138890625 0.7669078125000001 0.54708055625 0.7678078125
2 0.5591203703125001 0.8162874999999999 0.5683462968749999 0.83801875 0.57821944375 0.8348671875000001 0.5680925921875 0.8114640625 0.5591203703125001 0.8162874999999999
2 0.658471296875 0.7588078125 0.6597370375 0.7583578125 0.6746731484375 0.7660078125 0.6802425921874999 0.7624078125 0.66530648125 0.75385625 0.658471296875 0.7588078125
2 0.705052778125 0.7826609375 0.7149259265625 0.779059375 0.6916351859375001 0.7673578125 0.687078703125 0.7705093749999999 0.705052778125 0.7826609375
2 0.747077778125 0.8020140625 0.7574574078125 0.7984125 0.7308749999999999 0.7840109375 0.725052778125 0.7867109375 0.747077778125 0.8020140625
2 0.8055574078125 0.8290171875000001 0.8197342593749999 0.8254171875 0.777203703125 0.8065140625 0.7696083328125 0.8110140625 0.8055574078125 0.8290171875000001
2 0.8987203703125 0.8681734375 0.9141638890625 0.862771875 0.8539111109374999 0.83846875 0.8442907406250001 0.84296875 0.8987203703125 0.8681734375
2 0.77695 0.7471062500000001 0.7807481484375 0.7439546874999999 0.7640388890625001 0.7381046875 0.7587231484375 0.7385546875 0.77695 0.7471062500000001
2 0.8085953703125 0.75520625 0.816190740625 0.75025625 0.7964435187500001 0.7444046875 0.7888490734375 0.74845625 0.8085953703125 0.75520625
2 0.8513796296875 0.7615078125 0.8597342593749999 0.7579078124999999 0.8323925921875001 0.75205625 0.8303675921875 0.75655625 0.8513796296875 0.7615078125
2 0.974415740625 0.7808609375 0.979478703125 0.776359375 0.949352778125 0.769159375 0.9440361109375001 0.773659375 0.974415740625 0.7808609375
2 0.7817601859375001 0.7241515625 0.7810009265625 0.729553125 0.9387203703125 0.74980625 0.99871944375 0.75070625 0.996947221875 0.7444046875 0.9174546296875 0.7390046875 0.8194814812500001 0.729103125 0.7817601859375001 0.7241515625