4 0.5767740734375 0.7508125 0.46916851875 0.7517640625 0.40520370312500004 0.74653125 0.3658601859375 0.745578125 0.3334768515625 0.76175625 0.38191851875 0.7679421875 0.42607870312499996 0.7727 0.51600555625 0.7755546875 0.5976351859375 0.7722234375 0.5767740734375 0.7508125
4 0.8473407406250001 0.74700625 0.8045185187499999 0.7493859375 0.7461740734375 0.7503375 0.7084370375 0.7508125 0.68140555625 0.7503375 0.6557120375000001 0.7512890624999999 0.6886314812500001 0.7712718749999999 0.776684259375 0.7717484375 0.8840074078125 0.7631828125 0.9145175921875 0.7555703125 0.8473407406250001 0.74700625
2 0.2783129625 0.9855296875 0.43656296250000004 0.784165625 0.42555925937500005 0.7801390625 0.267309259375 0.974021875 0.2783129625 0.9855296875
2 0.29255185156249996 0.9757484375000001 0.35727592656249996 0.92166875 0.34141851875 0.915915625 0.26828055625 0.9734468749999999 0.29255185156249996 0.9757484375000001
2 0.3605120375 0.9205171875 0.368278703125 0.8428484375 0.35759907343749997 0.8416984375000001 0.34109444375 0.916490625 0.3605120375 0.9205171875
2 0.43069722187500004 0.8105109374999999 0.41553981406249996 0.806625 0.3624851859375 0.8413468749999999 0.37210555625 0.8460109375 0.43069722187500004 0.8105109374999999
2 0.42821944375000004 0.8089562499999999 0.42224444375000003 0.7796765625 0.41466481406250005 0.7804546875 0.4172888890625 0.80714375 0.42821944375000004 0.8089562499999999
2 0.02448148125 0.8406578124999999 0.098459259375 0.8217343749999999 0.1907981484375 0.7938234375000001 0.184677778125 0.7900390625 0.083290740625 0.8160578125000001 0.014901851562499999 0.8293046875 0.02448148125 0.8406578124999999
2 0.2030018515625 0.7840374999999999 0.21075555625 0.7890921875 0.2849990734375 0.7607078125 0.361903703125 0.7361078125 0.4036824078125 0.7162390624999999 0.3951675921875 0.7162390624999999 0.35471944375 0.732796875 0.27541944375 0.75645 0.2030018515625 0.7840374999999999
2 0.5819740734375001 0.751246875 0.5489768515625 0.7152921875 0.54471851875 0.71813125 0.5854333328125 0.7630734375 0.7238083328125 0.9243921875 0.7666509265625 0.9698078125 0.7940601859374999 0.9646046875 0.63785555625 0.811328125 0.5819740734375001 0.751246875
2 0.8592564812499999 0.7829421875 0.8792138890625001 0.78105 0.840628703125 0.7678046875 0.8318472218749999 0.774428125 0.8592564812499999 0.7829421875