1 0.5446759265625001 0.8720171875 0.5268518515625 0.743209375 0.4682870375 0.76049375 0.38101851875000003 0.772428125 0.2810148140625 0.8532125 0.42490555625 0.8736140625000001 0.5446759265625001 0.8720171875
2 0.194359259375 0.8285390625 0.31015648125 0.772528125 0.2954259265625 0.7681625000000001 0.1788111109375 0.821265625 0.194359259375 0.8285390625
2 0.337571296875 0.772528125 0.317522221875 0.7688906249999999 0.21318148125 0.8270843749999999 0.23036666718749998 0.8401781250000001 0.337571296875 0.772528125
2 0.3993574078125 0.7688906249999999 0.4329101859375 0.7448859375 0.46196203750000003 0.7274265625 0.45336944375000005 0.7267 0.41081481406250003 0.7528875 0.3895370375 0.7637984375 0.3993574078125 0.7688906249999999
2 0.545434259375 0.8612734375000001 0.5654833328125 0.8612734375000001 0.55811851875 0.8234468749999999 0.5331583328125 0.736884375 0.5229296296875 0.7376109375000001 0.5364324078125 0.8030796875 0.545434259375 0.8612734375000001
2 0.533059259375 0.73318125 0.529965740625 0.7061843750000001 0.5250444437499999 0.703184375 0.5247638890624999 0.73343125 0.533059259375 0.73318125
2 0.5996296296875 0.7312953125 0.5993324078125 0.7318234375 0.62699351875 0.7513875 0.635322221875 0.74874375 0.6029018515625 0.7265359375 0.5996296296875 0.7312953125
2 0.7379370375 0.8137828125000001 0.74745555625 0.8111390625 0.6537629625 0.7582625000000001 0.6460296296875 0.761434375 0.7379370375 0.8137828125000001
2 0.8363888890625001 0.8582000000000001 0.8230037031249999 0.8608437500000001 0.9229425921875001 0.9147796874999999 0.956552778125 0.9279984375 0.96845 0.9110781250000001 0.9300805562500001 0.901559375 0.8363888890625001 0.8582000000000001
2 0.868809259375 0.7847015625 0.8762444437499999 0.7783562500000001 0.846203703125 0.770953125 0.8411472218749999 0.7725390625 0.868809259375 0.7847015625
2 0.9312703703125 0.798978125 0.9390037031249999 0.7926328125000001 0.9065833328125 0.78364375 0.89885 0.7873453125000001 0.9312703703125 0.798978125
2 0.7548916671875 0.74874375 0.7522138890625001 0.753503125 0.78076851875 0.7640781249999999 0.8265731484375 0.7746546875 0.837578703125 0.769365625 0.7879064812500001 0.756146875 0.7548916671875 0.74874375