8 0.489075 0.8735328125 0.4743398140625 0.946703125 0.5213416671875 0.9480578124999999 0.51371944375 0.8748875 0.5271851859375001 0.8712734375 0.5022870375 0.848690625 0.47510185156249995 0.872628125 0.489075 0.8735328125
0 0.5104166671875 0.816621875 0.59095555625 0.8143625 0.5632620375 0.7655828125 0.4608740734375 0.762871875 0.4479166671875 0.7859078125 0.4375 0.7850046875000001 0.4194611109375 0.8102984375 0.5104166671875 0.816621875
8 0.5114509265625 0.74116875 0.5091657406250001 0.7499359375 0.5203518515625001 0.7503640625 0.5191490734374999 0.7409546875 0.5245620375 0.740740625 0.5159018515625 0.7338984375 0.5061583328125 0.7398859375 0.5114509265625 0.74116875
7 0.41678703749999996 0.7360359375 0.42003425937500005 0.7338984375 0.4237638890625 0.7334703124999999 0.4069231484375 0.74309375 0.4183509265625 0.744803125 0.43350648124999996 0.734753125 0.4320629625 0.7321875 0.4250870375 0.7315453125 0.42556759218750007 0.7291937500000001 0.4125768515625 0.73133125 0.41678703749999996 0.7360359375
8 0.6003416671874999 0.7428796875 0.6112879625 0.7516468749999999 0.621872221875 0.7503640625 0.6111675921875 0.7422375 0.61465555625 0.7405265625 0.597815740625 0.7360359375 0.5952898140625 0.7428796875 0.6003416671874999 0.7428796875
8 0.688615740625 0.741009375 0.6946453703125 0.74395625 0.6976601859375 0.74060625 0.69434351875 0.7389984375 0.697434259375 0.7369890625 0.676103703125 0.734309375 0.68175648125 0.741009375 0.688615740625 0.741009375
2 0.2960074078125 0.972221875 0.3394101859375 0.9243828125 0.316840740625 0.9151234374999999 0.278646296875 0.9691359374999999 0.2960074078125 0.972221875
2 0.39780185156250003 0.8406953125 0.4536888890625 0.7622296875 0.4473833328125 0.7607015625 0.387197221875 0.835090625 0.39780185156250003 0.8406953125
2 0.6454240734375001 0.8549609374999999 0.5886768515624999 0.777515625 0.5560046296875 0.72350625 0.5476935187499999 0.7255453125 0.5571509265625 0.7454156249999999 0.596415740625 0.81521875 0.6823953703125001 0.9706203125 0.7253861109375 0.9716390625000001 0.6454240734375001 0.8549609374999999
2 0.5969888890624999 0.7148453124999999 0.59154351875 0.7168828125 0.616190740625 0.7286015625 0.6694990734374999 0.7545875 0.6758037031249999 0.7479640625 0.6336731484375 0.73115 0.5969888890624999 0.7148453124999999
2 0.8245490734375001 0.8085953124999999 0.73885555625 0.7734390624999999 0.73685 0.7836296875000001 0.8139453703124999 0.815728125 0.8245490734375001 0.8085953124999999
2 0.99765648125 0.8794171875 1 0.8676984375 0.9411962968750001 0.84731875 0.926865740625 0.8569984375 0.99765648125 0.8794171875
2 0.9452083328124999 0.767325 0.8383064812500001 0.756115625 0.7543324078125 0.7413390625 0.751752778125 0.744396875 0.79073055625 0.75356875 0.9082370375 0.7734390624999999 0.9982296296875001 0.7871953125 0.9953629625 0.7764968750000001 0.9452083328124999 0.767325