0 0.5239453703125 0.914453125 0.6617759265625 0.904290625 0.5944490734375 0.7958890625 0.45090185156249996 0.7913734375 0.42613055624999996 0.8354109375000001 0.40199444375000004 0.8512187499999999 0.37849351875 0.9009031249999999 0.5239453703125 0.914453125
8 0.5216296296875 0.7523500000000001 0.51971851875 0.7676406250000001 0.5345314812499999 0.7673578125 0.5315046296875 0.7534828124999999 0.5385129625 0.7532 0.5272046296874999 0.7418734375 0.5155768515625 0.7506515625 0.5216296296875 0.7523500000000001
7 0.40583611093750005 0.7455546875 0.40933981406250003 0.7432890624999999 0.41348148125 0.743571875 0.389271296875 0.7574468750000001 0.40360555624999994 0.7602781249999999 0.4260638890625 0.7441390625000001 0.42383425937499997 0.740740625 0.4155518515625 0.7404578125 0.41778148125000003 0.7367765625 0.4008981484375 0.739325 0.40583611093750005 0.7455546875
8 0.631371296875 0.7540484375000001 0.6484138890625 0.7676406250000001 0.6629074078125 0.766225 0.6434759265625 0.7526328125 0.6472990734375 0.7523500000000001 0.6256370375 0.743571875 0.6262740734375 0.7543328125000001 0.631371296875 0.7540484375000001
2 0.3263888890625 0.9753093749999999 0.44878518593749994 0.78549375 0.43402777812500004 0.78549375 0.2960074078125 0.9737656250000001 0.3263888890625 0.9753093749999999
2 0.5642361109375 0.740740625 0.6467018515625 0.8765437500000001 0.7083333328125 0.9706796875 0.7647574078125 0.972221875 0.5963546296875 0.7561734375 0.57899351875 0.733025 0.5642361109375 0.740740625
2 0.13715277812499999 0.8117281249999999 0.1119796296875 0.8179015625 0.1171879625 0.831790625 0.15277777812499999 0.8179015625 0.13715277812499999 0.8117281249999999
2 0.35723425937500003 0.73458125 0.3331851859375 0.7477968749999999 0.3371203703125 0.75945625 0.3664166671875 0.743909375 0.35723425937500003 0.73458125
2 0.7730601859374999 0.782 0.7643148140625 0.7827765624999999 0.9081703703124999 0.8441859375 0.9886250000000001 0.8698375 0.9916851859375001 0.8558468749999999 0.9169157406249999 0.8325265625 0.7730601859374999 0.782
2 0.7109703703125 0.7532375 0.6501925921875 0.7299171875 0.64756851875 0.7361359375000001 0.710096296875 0.76334375 0.7109703703125 0.7532375
2 0.7909870375 0.7493515625 0.8753768515625 0.7641203125 0.993872221875 0.7804453125 0.9886250000000001 0.768784375 0.841271296875 0.7477968749999999 0.7940481484374999 0.7392453125 0.7909870375 0.7493515625