7 0.3431370375 0.798475 0.34344351875 0.81699375 0.35723055625 0.8088234375000001 0.36580925937500003 0.8077343750000001 0.2800240734375 0.869825 0.30882314843750003 0.8779953125000001 0.3857231484375 0.8126359375 0.3857231484375 0.8050109375 0.3694851859375 0.8001093750000001 0.3817398140625 0.792484375 0.3431370375 0.798475
8 0.5762870375 0.8327890625000001 0.584559259375 0.90631875 0.6213231484375 0.9057734375000001 0.59466944375 0.8327890625000001 0.6075370375 0.83224375 0.57965648125 0.800653125 0.5618870375 0.8344234374999999 0.5762870375 0.8327890625000001
8 0.7830879625 0.818628125 0.866727778125 0.8703703125000001 0.89093148125 0.8605671875 0.803921296875 0.8153593750000001 0.8118870375 0.8126359375 0.7530638890625 0.793028125 0.7745101859375 0.8208062500000001 0.7830879625 0.818628125
8 0.9362740734375 0.7859484375 0.99846851875 0.7990203124999999 0.99785555625 0.7870375000000001 0.9488361109375001 0.7805015625 0.95220555625 0.7772328125 0.89031851875 0.770696875 0.930453703125 0.7903046875 0.9362740734375 0.7859484375
8 0.7094129625 0.7275578125 0.727327778125 0.73283125 0.7389546296875 0.73114375 0.7154046296875001 0.7242890625 0.716946296875 0.7231296875 0.7003370375 0.7218640625 0.7042518515625 0.7286125 0.7094129625 0.7275578125
8 0.6371611109375 0.73114375 0.64469444375 0.7375765624999999 0.655015740625 0.7371546875 0.6441009265625001 0.7294562499999999 0.6480759265625 0.728190625 0.6324740734375001 0.7235515625 0.6317629625000001 0.7318828125 0.6371611109375 0.73114375
8 0.5584425921875 0.729984375 0.5583833328125001 0.737365625 0.5692388890625 0.7376828125 0.566628703125 0.7305109375 0.570425 0.7297734375 0.5620611109375 0.7221796875 0.5542898140625 0.729140625 0.5584425921875 0.729984375
7 0.4762240734375 0.730721875 0.4783009265625 0.7276640624999999 0.48114814843750003 0.7282968750000001 0.47159722187500003 0.7347296875 0.4803175921875 0.7363109375 0.48868148125 0.7284015625 0.4883851859375 0.7255546875000001 0.4802583328125 0.725765625 0.4813851859375 0.7234453125 0.47141944375 0.72608125 0.4762240734375 0.730721875
2 0.09548611093750001 0.8904328125 0.2994796296875 0.8024687500000001 0.37847222187499996 0.7654328125000001 0.3541666671875 0.7638890625 0.1875 0.8271609375000001 0.08854166718749999 0.864196875 0.09548611093750001 0.8904328125
2 0.5208333328125 0.739196875 0.5069444437499999 0.7376546875 0.41840277812500004 0.918209375 0.44444444375 0.9228390624999999 0.5208333328125 0.739196875
2 0.8828129625000001 0.96450625 0.609375 0.7268515625 0.6006944437499999 0.7453703125 0.8055555562500001 0.9845671875 0.8828129625000001 0.96450625
2 0.8038194437499999 0.776234375 0.8055555562500001 0.7870375000000001 0.9947916671874999 0.8487656250000001 1 0.8348765625000001 0.8081601859375 0.7685187499999999 0.8038194437499999 0.776234375
2 0.997396296875 0.7546296875 0.8671879625000001 0.7361109375 0.8619796296875 0.75 1 0.7746906250000001 0.997396296875 0.7546296875