7 0.45336944375000005 0.78361875 0.4593120375 0.7932515625 0.46542962968749996 0.7926296875000001 0.4696240734375 0.78796875 0.47486759218749997 0.7876578125 0.442184259375 0.83364375 0.46840000000000004 0.835196875 0.490422221875 0.7889015625 0.48780092656249996 0.7829984375000001 0.471546296875 0.7811328125 0.4745175921875 0.7767828125 0.45336944375000005 0.78361875
8 0.6522648140625 0.7895234375 0.6779574078125 0.8305374999999999 0.7052222218749999 0.82711875 0.666596296875 0.7873484375 0.676209259375 0.78796875 0.6433518515625 0.7677734375 0.641428703125 0.7913875 0.6522648140625 0.7895234375
8 0.8093888890625 0.7742984374999999 0.8733574078125 0.8025734375000001 0.8904851859375 0.7960484375 0.822672221875 0.7708796875 0.8282648140625 0.769015625 0.7819490734375 0.7584515625 0.8046703703125001 0.7774046875 0.8093888890625 0.7742984374999999
8 0.8927574078125 0.7404296875 0.9224694437500001 0.75099375 0.9284120375 0.7491296875 0.9993703703125 0.7603156249999999 0.9993703703125 0.7522375 0.9371499999999999 0.7454015625 0.9422185187500001 0.74229375 0.8927574078125 0.7404296875
8 0.7721879625 0.7191421874999999 0.79489351875 0.7246296875 0.8024620375 0.7214437499999999 0.7756731484375 0.7156015625000001 0.7777648140625 0.7134765625 0.7570509265625 0.7129453125 0.7654157406250001 0.7187875 0.7721879625 0.7191421874999999
8 0.69271851875 0.7242765624999999 0.7072574078125 0.7327734375 0.7185111109375 0.7308265625 0.6998888890625 0.7232140625000001 0.7035731484375 0.7214437499999999 0.6851499999999999 0.717371875 0.6886351859375 0.7240984375 0.69271851875 0.7242765624999999
8 0.6074731484375 0.72480625 0.6114564812500001 0.7354296875 0.6238046296875 0.734190625 0.6155398140624999 0.726046875 0.6199212968750001 0.726046875 0.607075 0.7184328125 0.6019953703125 0.726578125 0.6074731484375 0.72480625
7 0.510775 0.729940625 0.5110740734375 0.7271078125 0.5166509265625 0.7271078125 0.5105759265625001 0.7387937499999999 0.5191407406249999 0.7389703125 0.5240203703125 0.7264 0.522725 0.723921875 0.5119703703125 0.7237453125 0.5131648140625 0.7209125000000001 0.5037046296875001 0.726046875 0.510775 0.729940625
2 0.46443148125 0.73011875 0.3420138890625 0.8179015625 0.07118055625 0.9799374999999999 0.11631944375 0.9907406249999999 0.3229166671875 0.8611109375 0.47054814843750004 0.7386625 0.47360648125000004 0.7262359375 0.46443148125 0.73011875
2 0.5596768515625 0.71846875 0.5685768515625 0.8981484375000001 0.5755212968750001 0.9629625 0.5963546296875 0.96450625 0.5833333328125 0.864196875 0.56535648125 0.7169156250000001 0.5596768515625 0.71846875
2 0.6352620375 0.7169156250000001 0.7825490734375 0.8186671875 0.9804657406249999 0.9374953125 0.9839379625 0.9050874999999999 0.7842851859375 0.7970625 0.6492425921875 0.7153609375000001 0.6352620375 0.7169156250000001
2 0.848472221875 0.75808125 0.908765740625 0.7720625 0.9948361109375 0.793034375 0.993525 0.7837125 0.9105129625 0.759634375 0.8480351859375 0.7487609375 0.848472221875 0.75808125
2 0.793859259375 0.7433234375 0.79516944375 0.7347796875 0.7274490734375 0.7122546875 0.7169638890625001 0.714584375 0.793859259375 0.7433234375
2 0.9992046296874999 0.7324499999999999 0.8471611109375001 0.7122546875 0.848472221875 0.723128125 1 0.742546875 0.9992046296874999 0.7324499999999999
3 0.46224722187499995 0.7138078125 0.4618101859375 0.7223515625 0.531277778125 0.7192453125 0.634825 0.7192453125 0.7833731484374999 0.711478125 0.7680814812500001 0.7068171875 0.6217175921875 0.71303125 0.46224722187499995 0.7138078125