7 0.47624444375 0.7540640625 0.4843379625 0.7608578125000001 0.48785925937499997 0.75779375 0.49145648125 0.7575265625000001 0.4740703703125 0.7761796875 0.48950833281249995 0.7772453125000001 0.5021731484374999 0.7591265625 0.5021731484374999 0.754196875 0.49040740781250003 0.752996875 0.49175648125000004 0.749534375 0.47624444375 0.7540640625
8 0.6102370374999999 0.75699375 0.6145083328125 0.774446875 0.63144444375 0.7728484375 0.6196046296875 0.7565953125 0.62485 0.7565953125 0.6082138890625 0.747003125 0.60206851875 0.7579265625 0.6102370374999999 0.75699375
8 0.7215231484375 0.752996875 0.745653703125 0.7671203125 0.761615740625 0.7639218750000001 0.730440740625 0.750465625 0.7353870375 0.749134375 0.7099824078125 0.7431390625 0.7162768515625 0.753796875 0.7215231484375 0.752996875
8 0.7284175921875 0.718359375 0.74318055625 0.7231546875 0.7514990734375 0.7212890625 0.7312648140625 0.7158265625 0.7323888890625 0.7139624999999999 0.7200990734375 0.7143625 0.72556944375 0.7202234375 0.7284175921875 0.718359375
8 0.6639583328125 0.7216671875 0.671771296875 0.72851875 0.67953148125 0.727221875 0.6683851859375001 0.721203125 0.6713018515625 0.7200921874999999 0.6593231484375 0.7165734375 0.6595833328125 0.72194375 0.6639583328125 0.7216671875
8 0.594375 0.7226859375 0.5950518515625001 0.728796875 0.60484351875 0.728796875 0.600521296875 0.7226859375 0.605 0.72194375 0.5957296296875 0.7176859375 0.5897916671875 0.72194375 0.594375 0.7226859375
7 0.5189583328125 0.7238890625 0.521978703125 0.723796875 0.5177601859375 0.7311109375 0.5241666671874999 0.7314812500000001 0.5289583328125 0.7226859375 0.5280731484375 0.7209265625 0.5181768515625 0.7197218750000001 0.5121351859375001 0.72305625 0.5182296296875 0.7251859375 0.5189583328125 0.7238890625
2 0.0494796296875 0.9799374999999999 0.2526046296875 0.8888890625 0.4826388890625 0.739196875 0.46180555625 0.739196875 0.15711851875 0.8919750000000001 0.035590740625 0.9336421874999999 0.0494796296875 0.9799374999999999
2 0.5494583328125 0.74394375 0.5086805562500001 0.9737656250000001 0.5407990734375 0.9737656250000001 0.5598962968750001 0.7453703125 0.5494583328125 0.74394375
2 0.7864583328125 0.8580249999999999 0.9618055562500001 0.9861109375 0.9947916671874999 0.9552468749999999 0.6423611109375 0.723765625 0.640625 0.740740625 0.7864583328125 0.8580249999999999
2 0.997396296875 0.7885796875 0.7291666671875 0.7206796875 0.722222221875 0.7376546875 0.9982638890625 0.8163578125000001 0.997396296875 0.7885796875
2 1 0.7561734375 0.996527778125 0.7376546875 0.903646296875 0.7268515625 0.90625 0.7469140624999999 0.90625 0.7453703125 1 0.7561734375