7 0.4649324078125 0.7706765625 0.47052222187500004 0.777946875 0.474953703125 0.7784328125 0.4785666671875 0.773584375 0.4847018515625 0.7733421875000001 0.45845648125 0.8075187500000001 0.47918055624999994 0.8072765625 0.49785925937500003 0.772615625 0.49526851875 0.7694640625 0.48108888906249997 0.7691 0.48279351875 0.7649796875 0.4649324078125 0.7706765625
8 0.6381166671875 0.77415 0.6538416671875 0.8044234375 0.6758564812500001 0.802378125 0.6506194437499999 0.7729234375 0.6561425921875 0.7725140625 0.63259351875 0.7588781250000001 0.62921851875 0.77496875 0.6381166671875 0.77415
8 0.77883055625 0.7644015625 0.8245888890625 0.787378125 0.84223148125 0.782878125 0.7884601859375 0.7616046875 0.7942129625 0.7607859375 0.7579166671875 0.7517 0.772665740625 0.7665515625 0.77883055625 0.7644015625
8 0.8919268515625 0.7448375 0.9515 0.7575390625 0.9627351859375001 0.751803125 0.9009148140625 0.742175 0.9059851859375 0.740228125 0.862371296875 0.7367468749999999 0.8851861109374999 0.74719375 0.8919268515625 0.7448375
8 0.7588351859375 0.7166953125 0.7783046296875 0.72231875 0.7889398140625 0.7204765625 0.76178055625 0.714175 0.7634166671875 0.7122359375 0.7468916671875 0.7124296875 0.7547990734375001 0.7175687500000001 0.7588351859375 0.7166953125
8 0.6833009265625 0.722221875 0.6850453703125 0.72154375 0.6958990734375 0.7293000000000001 0.7061518515625 0.7280390625 0.6917537031250001 0.7207671875 0.6956259265625 0.7204765625 0.6797009265625 0.7153390625 0.6798101859375 0.71873125 0.6833009265625 0.722221875
8 0.6050388890625 0.7228046875 0.607275 0.7309484375 0.6190009265625 0.7308515625 0.6126740734375 0.7229984375 0.6166009265625 0.72270625 0.6049851859375 0.7162109375 0.6004583328125 0.722609375 0.6050388890625 0.7228046875
7 0.5152703703125 0.7261 0.5163611109375 0.7238703125 0.5214333328125 0.7238703125 0.5162518515625 0.7341484375 0.5233416671875 0.73385625 0.528359259375 0.7232890624999999 0.52710555625 0.72115625 0.517125 0.7207671875 0.5173425921875 0.7185374999999999 0.5091620375 0.722609375 0.5152703703125 0.7261
2 0.5850694437499999 0.9706796875 0.5711805562500001 0.739196875 0.5572916671875 0.742284375 0.559027778125 0.9737656250000001 0.5850694437499999 0.9706796875
2 0.6440481484375 0.7140703125 0.6357379625 0.7175171875 0.7494092593749999 0.8019109375 0.9664231484375 0.9546890625 0.9924648140624999 0.9253671875 0.757221296875 0.7833921875 0.6440481484375 0.7140703125
2 0.7191175921874999 0.7111156249999999 0.7108074078125 0.717025 0.8700879625000001 0.7687328124999999 1 0.7997578125 0.9994518515624999 0.7864625000000001 0.85540648125 0.7534671875 0.850975 0.752975 0.7191175921874999 0.7111156249999999
2 0.9966814812499999 0.73130625 0.8531907406249999 0.7185015625 0.8526370375000001 0.7258890625000001 0.999728703125 0.7450953124999999 0.9966814812499999 0.73130625
3 0.49645648124999997 0.7209640625 0.6459870375000001 0.7185015625 0.76233148125 0.71013125 0.7577231484375 0.70520625 0.57268055625 0.7121000000000001 0.469078703125 0.7150546875 0.4710175921875 0.720471875 0.49645648124999997 0.7209640625
2 0.47193703749999993 0.7239187499999999 0.4389731484375 0.752975 0.31016296250000003 0.835215625 0.22401296249999997 0.8839703125 0.0747833328125 0.9642406250000001 0.10941851875 0.980984375 0.111902778125 0.978521875 0.26094351875 0.886925 0.40360370312500005 0.7928640625 0.47969351875 0.7367234375 0.48163240781249994 0.7214578125 0.47193703749999993 0.7239187499999999