7 0.420477778125 0.8306234375000001 0.42733703749999996 0.8450765625000001 0.43521296249999997 0.8459796875000001 0.4415648140625 0.835140625 0.44944074062499995 0.836946875 0.3874490734375 0.941734375 0.42886203749999996 0.946703125 0.47103703750000003 0.83965625 0.46366851875000004 0.8279125 0.4453759265625 0.8256546874999999 0.44969537031250006 0.8175250000000001 0.420477778125 0.8306234375000001
7 0.49375 0.7368765625 0.49981851875 0.741384375 0.50090555625 0.7384859374999999 0.506702778125 0.7384859374999999 0.501177778125 0.7545890625 0.5105074078125 0.75475 0.5158518515625 0.737359375 0.51231851875 0.7354265625 0.5015398140625 0.7351046875 0.5019018515625 0.7322062500000001 0.49375 0.7368765625
8 0.6138583328125 0.7378421875 0.6207425921875 0.750403125 0.636322221875 0.748953125 0.6227351859375 0.7375203124999999 0.6274453703125 0.7363921875 0.611503703125 0.7286640625 0.6071555562500001 0.7381640625 0.6138583328125 0.7378421875
8 0.711775 0.7344609375 0.7340583328125 0.74589375 0.7477351859375 0.74460625 0.720471296875 0.7333328125 0.7235509265625 0.7314015625 0.7014490734375001 0.72673125 0.70788055625 0.7354265625 0.711775 0.7344609375
8 0.70006944375 0.83850625 0.7690296296875 0.9300640625 0.8033638890624999 0.9176500000000001 0.72101944375 0.8369546874999999 0.7300398140625 0.8343671875 0.6791203703125 0.8048828125 0.68523055625 0.8410921874999999 0.70006944375 0.83850625
8 0.8963018515625001 0.8050499999999999 0.999296296875 0.84018125 0.999296296875 0.824103125 0.9095324078125 0.8005828125000001 0.9163990734375 0.7973078124999999 0.85008055625 0.7839109375 0.8907759265624999 0.8092171875 0.8963018515625001 0.8050499999999999
2 0.410590740625 0.7700625 0.2838546296875 0.8688265625 0.122396296875 0.9861109375 0.17534722187500001 0.9753093749999999 0.3888888890625 0.8194437499999999 0.45659722187499996 0.7438265625 0.44444444375 0.7438265625 0.410590740625 0.7700625
2 0.625 0.9691359374999999 0.5642361109375 0.7206796875 0.5546879625 0.723765625 0.59375 0.972221875 0.625 0.9691359374999999
2 0.660590740625 0.7268515625 0.64149351875 0.7283953125 0.8489583328125001 0.8611109375 0.9791666671874999 0.9259265624999999 0.9869796296875 0.8888890625 0.8645833328125001 0.8425921875 0.6979166671875 0.7453703125 0.660590740625 0.7268515625
2 0.8272092593749999 0.75223125 0.926975 0.7762953125000001 1 0.7923375 0.9971629625 0.77896875 0.9169481484374999 0.762034375 0.83121944375 0.74331875 0.8272092593749999 0.75223125
2 0.9961601859375 0.730840625 0.8653111109375 0.714796875 0.8663129625 0.7281671875 1 0.74331875 0.9961601859375 0.730840625
3 0.44468703749999994 0.7263843750000001 0.45020185156250003 0.7326234375 0.5264055562500001 0.7326234375 0.7249361109375 0.7246015625 0.7790805562500001 0.7201453124999999 0.7720620375 0.708559375 0.6397083328125001 0.7201453124999999 0.44468703749999994 0.7263843750000001