4 0.7447916671875 0.735803125 0.57358055625 0.7583953125 0.479890740625 0.756090625 0.3487074078125 0.752625 0.314853703125 0.7775015625 0.40578055625 0.7877890625 0.5925925921874999 0.7848499999999999 0.6202648140625 0.7818375 0.8127231484375 0.757575 0.7447916671875 0.735803125
2 0.2755953703125 0.97254375 0.360475 0.8881515625 0.34930648125 0.8881515625 0.258325 0.9686078124999999 0.2755953703125 0.97254375
2 0.3632620375 0.885578125 0.37519351875 0.8305374999999999 0.3658416671875 0.8293906249999999 0.35207407343749997 0.8834156249999999 0.3632620375 0.885578125
2 0.37680555625 0.8282437500000001 0.41840555625000003 0.796709375 0.41195555625 0.7949890625 0.36861944375 0.8256203125000001 0.37680555625 0.8282437500000001
2 0.6600675921875 0.9736437499999999 0.6378166671875001 0.8836281250000001 0.6252398140625 0.8853484375 0.6455361109375 0.9726890625 0.6600675921875 0.9736437499999999
2 0.6329796296875 0.8778953125 0.5794490734375 0.8262937499999999 0.5697740734375001 0.8280140625 0.6220240734375 0.8823828125000001 0.6329796296875 0.8778953125
2 0.5780259265625001 0.8256 0.5768009265625 0.7942296875 0.5699388890625 0.7942296875 0.569522221875 0.8254359375 0.5780259265625001 0.8256
2 0.8392675921875 0.8200671875 0.988015740625 0.8701718749999999 0.991446296875 0.8592796875 0.8841120374999999 0.8239890624999999 0.75741944375 0.7760625 0.7434509265625 0.7795484375 0.8392675921875 0.8200671875
2 0.9948768515624999 0.8100468749999999 0.9965925921875 0.8056890624999999 0.8186824078124999 0.7660421875 0.8120666671875 0.7695265625000001 0.8853379625000001 0.7878265625 0.9948768515624999 0.8100468749999999
2 0.1719370375 0.854096875 0.04401851875 0.8981015625 0.058877778125 0.9046484375 0.1800231484375 0.8615031249999999 0.1719370375 0.854096875
2 0.22682870312499998 0.8118343749999999 0.1780629625 0.85148125 0.18614999999999998 0.8571453124999999 0.23516111093749997 0.816190625 0.22682870312499998 0.8118343749999999
2 0.29299351875 0.7900484375 0.231975 0.8105265625 0.23843055624999998 0.81563125 0.300590740625 0.79135625 0.29299351875 0.7900484375
2 0.564840740625 0.7398203125 0.565847221875 0.74913125 0.569997221875 0.7487125 0.56886851875 0.737671875 0.564840740625 0.7398203125
2 0.6349333328125 0.73588125 0.6405731484375 0.7451921875 0.6446925921875 0.7451671875 0.637753703125 0.73480625 0.6349333328125 0.73588125
2 0.6373509265624999 0.7326578125000001 0.6141879625 0.7269281249999999 0.6109648140624999 0.7294343750000001 0.6330898140625 0.7358203125 0.6373509265624999 0.7326578125000001
2 0.570077778125 0.737671875 0.5529564812500001 0.7319421875 0.5477203703125 0.7333734375 0.5649203703125 0.7396874999999999 0.570077778125 0.737671875