4 0.6896166671875 0.7230046875 0.5468990734375 0.72845625 0.4716379625 0.7289515625 0.3906851859375 0.7255578125000001 0.3721259265625 0.74084375 0.4529620375 0.7443125 0.560278703125 0.7438171875 0.578397221875 0.743321875 0.7289259265625 0.7332562499999999 0.6896166671875 0.7230046875
2 0.43068796249999997 0.762153125 0.44992129687500004 0.7487734374999999 0.438772221875 0.7472859374999999 0.41786574062500004 0.760665625 0.43068796249999997 0.762153125
2 0.43263981406249996 0.7780109375 0.427622221875 0.7601703125 0.42037500000000005 0.7611625 0.4223259265625 0.7780109375 0.43263981406249996 0.7780109375
2 0.387002778125 0.8010703124999999 0.3969601859375 0.8032828125 0.433197221875 0.7765234375000001 0.4226046296875 0.7780109375 0.387002778125 0.8010703124999999
2 0.3788416671875 0.84243125 0.3933361109375 0.844909375 0.3972388890625 0.804275 0.38831851875 0.8013015625 0.3874824078125 0.8022921875 0.3788416671875 0.84243125
2 0.3149824078125 0.9128000000000001 0.392752778125 0.8434234375 0.3793731484375 0.8429265625 0.300209259375 0.908834375 0.3149824078125 0.9128000000000001
2 0.2924046296875 0.9712734375000001 0.319721296875 0.9157734375000001 0.29993055625 0.9123046875 0.27484351875 0.968796875 0.2924046296875 0.9712734375000001
2 0.0105925921875 0.94550625 0.126272221875 0.8672093750000001 0.11512222187500001 0.8587843749999999 0.003902778125 0.934603125 0.0105925921875 0.94550625
2 0.23414629687500002 0.8250875000000001 0.21937314843750003 0.8226093750000001 0.12069722187500001 0.8577937500000001 0.1315675921875 0.8672093750000001 0.23414629687500002 0.8250875000000001
2 0.2363768515625 0.8255828125000001 0.2714981484375 0.793371875 0.26369351875 0.7928765624999999 0.22466944375 0.8236015625 0.2363768515625 0.8255828125000001
2 0.2706620375 0.798328125 0.3283629625 0.7755328125000001 0.319721296875 0.7725593749999999 0.26536574062499996 0.7908953125 0.2706620375 0.798328125
2 0.5488500000000001 0.7601703125 0.5513592593750001 0.7458 0.545784259375 0.7443125 0.5413240734375 0.7601703125 0.5488500000000001 0.7601703125
2 0.5633453703125 0.7780109375 0.577003703125 0.77701875 0.5496870375 0.758684375 0.5410453703125 0.7611625 0.5633453703125 0.7780109375
2 0.572822221875 0.8022921875 0.5717074078125 0.7740453125 0.56418148125 0.7745421875 0.5616731484375 0.8047703125 0.572822221875 0.8022921875
2 0.60320555625 0.84243125 0.6179796296875 0.84243125 0.5731009265625 0.804275 0.563902778125 0.8057609375 0.60320555625 0.84243125
2 0.6377703703125001 0.9182499999999999 0.61630648125 0.8419359375000001 0.6051574078125 0.8439187499999999 0.618815740625 0.9212234374999999 0.6377703703125001 0.9182499999999999
2 0.6636935187499999 0.9727609375 0.6779101859375001 0.9653281249999999 0.6377703703125001 0.9207281249999999 0.6213240734375 0.9246921875 0.6636935187499999 0.9727609375
2 0.9820212968750001 0.853334375 0.8593731484375 0.8146812499999999 0.67484351875 0.7383671875 0.6623 0.74084375 0.8214638890625 0.8126984374999999 0.9700351859375 0.86473125 0.9906620374999999 0.8721640624999999 0.9970740734374999 0.8568031250000001 0.9820212968750001 0.853334375
2 0.7152620375 0.7393578125 0.8256453703125001 0.7725593749999999 1 0.819140625 0.9954009265625 0.8022921875 0.8298259265624999 0.7616578125 0.7205574078125 0.7358890625 0.7152620375 0.7393578125