4 0.9539324078125 0.7843140625 0.8324657406249999 0.760803125 0.6241324078125 0.7885796875 0.5904638890625 0.7897609375 0.2871546296875 0.7754015625 0.20138888906250002 0.8209875 0.2751740734375 0.8441359374999999 0.4678824078125 0.8595671875 0.598090740625 0.8564812500000001 0.69073055625 0.8496734375000001 0.9539324078125 0.7843140625
2 0.25781296249999996 0.972221875 0.36284722187499996 0.8796296874999999 0.3489583328125 0.8796296874999999 0.23350740781249998 0.9675921875 0.25781296249999996 0.972221875
2 0.1519101859375 0.8518515624999999 0.026910185937499997 0.882715625 0.0364583328125 0.9135796875000001 0.1744796296875 0.8611109375 0.1519101859375 0.8518515624999999
2 0.6710074078125 0.9753093749999999 0.6345490734375 0.8796296874999999 0.6171879625 0.885803125 0.6362851859374999 0.9845671875 0.6710074078125 0.9753093749999999
2 1 0.864196875 0.8958333328125001 0.8194437499999999 0.8758685187499999 0.8379625 1 0.8796296874999999 1 0.864196875
2 0.5967666671875 0.777484375 0.5901601859375 0.753996875 0.585315740625 0.760259375 0.5883990734375 0.7821828125 0.5967666671875 0.777484375
2 0.6883740734375 0.7704390625 0.6989435187499999 0.768871875 0.68000555625 0.7492984375 0.67251851875 0.7547796875 0.6883740734375 0.7704390625
2 0.7755768515625 0.7586937500000001 0.7874675921875001 0.757128125 0.7557574078125 0.739903125 0.7500324078125 0.7477328125 0.7755768515625 0.7586937500000001
2 1 0.8064546874999999 0.96319444375 0.7994078124999999 0.9552675921875 0.8048890625 1 0.8205484375 1 0.8064546874999999
2 0.56505648125 0.731290625 0.55845 0.737553125 0.5606527781249999 0.7508640625 0.56681851875 0.74695 0.56505648125 0.731290625
2 0.5817925921875 0.760259375 0.592802778125 0.7579109374999999 0.56681851875 0.7453828125 0.5606527781249999 0.7477328125 0.5817925921875 0.760259375
2 0.67251851875 0.7532125 0.6848509265625 0.75008125 0.645652778125 0.737553125 0.6372851859375 0.7445999999999999 0.67251851875 0.7532125