8 0.53709351875 0.8455281250000001 0.5528453703125 0.9196031250000001 0.5917175921875 0.9191515625 0.55589444375 0.844625 0.56681944375 0.843721875 0.5360768515625 0.8143625 0.52464444375 0.8459796875000001 0.53709351875 0.8455281250000001
8 0.2484759265625 0.8812109375 0.2492379625 0.9200546875000001 0.318597221875 0.84643125 0.3315546296875 0.847334375 0.3432416671875 0.8130078125000001 0.2883638890625 0.83965625 0.299796296875 0.8423671875000001 0.2484759265625 0.8812109375
2 0.45421944375 0.7949359375 0.4424398140625 0.7940984375 0.428303703125 0.8309546875 0.42500555625 0.8401687499999999 0.37081944375 0.9758687500000001 0.40097592656250003 0.9733562499999999 0.44196851875 0.8443578125 0.45421944375 0.7949359375
2 0.5936888890625001 0.7940984375 0.6719046296875 0.8694875 0.7802768515625 0.9674921875000001 0.8112861109375 0.97000625 0.6864231484375 0.8652984375000001 0.6030240734375 0.7899093749999999 0.5936888890625001 0.7940984375
2 0.0697351859375 0.8745125 0.0018851859374999999 0.8996421874999999 0.0117796296875 0.9189093749999999 0.0848129625 0.8862406249999999 0.0697351859375 0.8745125
3 0.0739759265625 0.755565625 0.0018851859374999999 0.7404875 0.0047120375 0.757240625 0.074446296875 0.7681312499999999 0.0739759265625 0.755565625
3 0.063609259375 0.741325 0.0032981484375 0.718709375 0.004240740625 0.7396499999999999 0.07538888906249999 0.752215625 0.063609259375 0.741325
2 0.3387796296875 0.755565625 0.2393601859375 0.7991234375 0.25019722187500004 0.8083375 0.34773240781250003 0.7605921875 0.3387796296875 0.755565625
3 0.3876879625 0.787396875 0.296278703125 0.7798578125 0.29307500000000003 0.7865593750000001 0.37694537031249997 0.7999609375000001 0.5296083328125001 0.8008 0.619509259375 0.7940984375 0.6124416671875 0.7865593750000001 0.509252778125 0.7899093749999999 0.3876879625 0.787396875
3 0.5054833328125 0.7806953125 0.3994675921875 0.77483125 0.324078703125 0.7681312499999999 0.3151259265625 0.7756703125 0.35517592656249997 0.7823703125 0.44611388906249994 0.7899093749999999 0.557784259375 0.789071875 0.6143259265625 0.7832078124999999 0.6077296296875 0.77483125 0.5054833328125 0.7806953125
3 0.377547221875 0.7555359375 0.3437861109375 0.75514375 0.348640740625 0.7618125 0.3790916671875 0.7653421875 0.377547221875 0.7555359375
3 0.6114453703125 0.76024375 0.46316296250000005 0.7590656250000001 0.46051481406250006 0.77005 0.6156379624999999 0.7688734375 0.6114453703125 0.76024375
2 0.3636453703125 0.72846875 0.3241481484375 0.742590625 0.335622221875 0.7457281250000001 0.3766648140625 0.7312140625 0.3636453703125 0.72846875
2 0.26523148124999996 0.7186609374999999 0.2303675921875 0.72336875 0.236546296875 0.72846875 0.2661148140625 0.7245453125 0.26523148124999996 0.7186609374999999