8 0.35810185156249996 0.7913578125 0.3108796296875 0.830040625 0.3395833328125 0.8349796875 0.3726851859375 0.7950625 0.3826388890625 0.7954734375 0.384722221875 0.7732515624999999 0.35023148125 0.790946875 0.35810185156249996 0.7913578125
8 0.5307870375 0.7942390625 0.5386574078125 0.8316874999999999 0.5627314812499999 0.8316874999999999 0.5449074078125 0.795884375 0.5513888890625 0.795884375 0.5310185187500001 0.7790125 0.5226851859375 0.7950625 0.5307870375 0.7942390625
3 0.3753379625 0.76435625 0.372027778125 0.7578843749999999 0.3429018515625 0.754353125 0.3339648140625 0.7602375 0.34124629687499997 0.7614140625 0.3753379625 0.76435625
3 0.373203703125 0.7555328125 0.37254351875 0.74966875 0.35242407343750004 0.7476171875000001 0.3456629625 0.7531875 0.35209444375 0.7534796874999999 0.373203703125 0.7555328125
3 0.452527778125 0.7681390625 0.5570842593750001 0.7693125000000001 0.60804351875 0.7669671874999999 0.6045796296875 0.760809375 0.511897221875 0.7634484375 0.4536824078125 0.76256875 0.452527778125 0.7681390625
3 0.5186981484375 0.7459140625 0.46443703750000004 0.7426890625 0.4637768515625 0.748553125 0.49560833281249994 0.7506046875 0.5607546296875 0.7520718750000001 0.606275 0.7508984375 0.60330648125 0.745328125 0.5755981484375 0.745328125 0.5186981484375 0.7459140625
2 0.5871120375000001 0.7653703125 0.5816833328125 0.769825 0.6581 0.8396062499999999 0.7921416671875 0.96655 0.821372221875 0.965065625 0.7011101859375 0.8641046875 0.614672221875 0.7868984375 0.5871120375000001 0.7653703125
2 0.46225648125 0.7906109375 0.46893796249999997 0.7624015625 0.45641111093750003 0.7661125 0.4514 0.7920953125 0.4021259265625 0.9138421875 0.3862583328125 0.9658078124999999 0.4129824078125 0.9672921875 0.42926851875 0.8930562500000001 0.46225648125 0.7906109375
2 0.3495111109375 0.7482968750000001 0.21254629687499998 0.8091703125 0.22340370312500002 0.8195625 0.3553574078125 0.7505234375 0.3495111109375 0.7482968750000001
2 0.24471111093750003 0.744246875 0.20608333281250002 0.7431687499999999 0.21033055625000002 0.7514375 0.2590703703125 0.7514375 0.24471111093750003 0.744246875
2 0.3027546296875 0.7064953125 0.2627111109375 0.7100906250000001 0.273227778125 0.717640625 0.311653703125 0.7118875 0.3027546296875 0.7064953125