8 0.3209416671875 0.8211578125000001 0.246877778125 0.8814703125 0.2804851859375 0.8908140625 0.3392583328125 0.8256875000000001 0.3513629625 0.8254046875000001 0.3594861109375 0.794540625 0.31122592656250003 0.820025 0.3209416671875 0.8211578125000001
8 0.5345314812499999 0.8248390625 0.5469546296875001 0.8843015624999999 0.579765740625 0.8826031249999999 0.5510953703125 0.8245546875 0.5608120375000001 0.8239890624999999 0.53516851875 0.800203125 0.522903703125 0.825121875 0.5345314812499999 0.8248390625
2 0.0631666671875 0.873690625 0 0.9008390625 0.0076351859375 0.9218171875 0.073578703125 0.8872640625000001 0.0631666671875 0.873690625
2 0.0527296296875 0.7403500000000001 0.00088148125 0.728034375 0.0057731484375 0.7376140625 0.060812037500000006 0.7506140625 0.0527296296875 0.7403500000000001
2 0.0462981484375 0.723928125 0 0.71298125 0.0016509265624999997 0.72324375 0.0536111109375 0.7328234375 0.0462981484375 0.723928125
2 0.27876944375 0.7116125 0.2318129625 0.7177703125 0.24528425937499998 0.72324375 0.2841574078125 0.7170859375 0.27876944375 0.7116125
2 0.2418203703125 0.80740625 0.31417870312499996 0.775246875 0.3569009265625 0.7492453125 0.3484333328125 0.74445625 0.30378703749999997 0.7690890625 0.22911851875 0.7978265625 0.2418203703125 0.80740625
2 0.37037222187499996 0.723928125 0.335347221875 0.7328234375 0.3461240734375 0.7362453125 0.37537592656249996 0.72735 0.37037222187499996 0.723928125
2 0.4507018515625 0.7820890625 0.43684629687500004 0.8204062499999999 0.37988333281250003 0.9716250000000001 0.401821296875 0.97025625 0.444928703125 0.8340921874999999 0.4584 0.7827734375000001 0.4507018515625 0.7820890625
2 0.623515740625 0.8135640625 0.7028027781249999 0.8895156249999999 0.7824740734375 0.9640984375 0.815959259375 0.96751875 0.691640740625 0.8621453125 0.5958046296874999 0.7800359375 0.5902342593750001 0.7816 0.623515740625 0.8135640625
3 0.35448055625 0.77319375 0.31676111093750003 0.7677203125000001 0.310603703125 0.77593125 0.34524351875 0.7814046875 0.5415351859374999 0.7896156249999999 0.6165879624999999 0.7841421875 0.6123546296875 0.77319375 0.514977778125 0.7793515625 0.35448055625 0.77319375
3 0.3306175921875 0.7574562499999999 0.32291944375 0.7663515624999999 0.36256296250000003 0.772509375 0.4915 0.7793515625 0.6108148140625 0.77593125 0.6031166671875 0.7656671875 0.45878425937499995 0.7656671875 0.3306175921875 0.7574562499999999
3 0.37718888906250003 0.7540359375000001 0.373725 0.7478765625 0.3514009265625 0.743771875 0.3487074078125 0.7512984375 0.357559259375 0.7499296875 0.37718888906250003 0.7540359375000001
3 0.46263333281249996 0.762246875 0.5854120375 0.7642984375 0.6127388890625001 0.759509375 0.6050416671875001 0.7512984375 0.5584703703125 0.7540359375000001 0.4649425921875 0.7506140625 0.46263333281249996 0.762246875