8 0.54740648125 0.90891875 0.560515740625 0.9775765625 0.6012611109375 0.9756859375 0.573271296875 0.907659375 0.5885064812499999 0.904509375 0.5431546296875001 0.8547499999999999 0.5300453703125 0.90891875 0.54740648125 0.90891875
3 0.31013148125 0.8063125 0.2480231484375 0.802171875 0.2538953703125 0.8157781249999999 0.359047221875 0.8246515625 0.552047221875 0.8264265625 0.6578648140625 0.8128203125000001 0.6282490734375 0.8033546875 0.48383148125000003 0.8140031249999999 0.31013148125 0.8063125
3 0.49958888906250004 0.7998046875 0.3198990734375 0.7897484375 0.27131666718749997 0.7861984375 0.26499444375 0.7974390625 0.35384074062500004 0.8039453125 0.5009203703125 0.8069046875 0.6290324078125 0.7992140625 0.6257046296875 0.7915234375 0.49958888906250004 0.7998046875
3 0.5318666671875001 0.7743671875 0.42904444374999995 0.7737765624999999 0.314575 0.7613531250000001 0.30891851875 0.77081875 0.31391018593750003 0.7720015625000001 0.38079444375 0.7796921875 0.48694444375 0.7814656249999999 0.5910981484375 0.7791 0.6250398140625 0.77555 0.6163879624999999 0.76904375 0.5318666671875001 0.7743671875
2 0.34485648125 0.7317750000000001 0.29294629687499996 0.7483390625 0.30359444375 0.7518875 0.36082870312500004 0.732365625 0.34485648125 0.7317750000000001
2 0.304259259375 0.76549375 0.257340740625 0.7873828125 0.2623324078125 0.7932984375000001 0.288952778125 0.7820578125 0.31590648125 0.76904375 0.31391018593750003 0.757803125 0.30692222187499996 0.7554375 0.304259259375 0.759578125 0.304259259375 0.76549375
2 0.41407037031250005 0.8855828125 0.437696296875 0.824059375 0.424052778125 0.8211015625 0.40675 0.863103125 0.39576851875 0.898596875 0.3631583328125 0.9713609375000001 0.38611851875 0.9713609375000001 0.41373703749999996 0.8974140625 0.41407037031250005 0.8855828125
2 0.6272509265624999 0.8128203125000001 0.6149388890624999 0.8151859375000001 0.61460648125 0.81636875 0.642225 0.8441734375 0.73306851875 0.9340921874999999 0.7660111109375001 0.964853125 0.80061851875 0.9660375 0.7017888890624999 0.882625 0.6272509265624999 0.8128203125000001
2 0.0615601859375 0.890315625 0.12112407343750001 0.859553125 0.11047592656250001 0.8506796874999999 0.0006657406250000001 0.8938656249999999 0.0016638890625 0.9116125 0.0615601859375 0.890315625
2 0.1008259265625 0.7791 0.0016638890625 0.7643109375 0.0016638890625 0.7796921875 0.1078138890625 0.7938890625 0.1008259265625 0.7791
2 0.0858518515625 0.735915625 0.0772 0.724675 0.0003324078125 0.706928125 0.0003324078125 0.7158015625 0.0006657406250000001 0.7175765625 0.0858518515625 0.735915625