4 0.5996685187499999 0.7729625 0.5424138890625 0.7767890625 0.473965740625 0.7783203125 0.4021833328125 0.77490625 0.30414444375 0.767478125 0.26345833281250003 0.759953125 0.19070555625000002 0.78138125 0.2703453703125 0.804340625 0.41068425937499997 0.8181171875000001 0.4640648140625 0.8196468749999999 0.5811574078125 0.8173515625000001 0.632815740625 0.8112281250000001 0.5996685187499999 0.7729625
4 0.7903740734375 0.7568921875 0.7159 0.7645453125 0.671559259375 0.7714328125 0.72321851875 0.804340625 0.8678620374999999 0.7790859375 0.9496546296874999 0.7630140625 0.8601129625 0.7423515625 0.7903740734375 0.7568921875
2 0.6764490734375 0.8846703125 0.692227778125 0.8825125 0.6194046296875 0.8300078125000001 0.607671296875 0.8336046874999999 0.6764490734375 0.8846703125
2 0.7197388890624999 0.9724187499999999 0.692227778125 0.8781968750000001 0.67928148125 0.8825125 0.6995101859374999 0.9745765625 0.7197388890624999 0.9724187499999999
2 0.20133148125 0.9643515624999999 0.2192796296875 0.9738562500000001 0.3503620375 0.8889859375 0.3329648140625 0.8853890625 0.20133148125 0.9643515624999999
2 0.3507666671875 0.8868281250000001 0.3604759265625 0.82785 0.351171296875 0.82785 0.3353925921875 0.8868281250000001 0.3507666671875 0.8868281250000001
2 0.42682685156250005 0.7782218750000001 0.4798259265625 0.7242796874999999 0.479421296875 0.713490625 0.41792592656250005 0.7746265625000001 0.42682685156250005 0.7782218750000001
2 0.088197221875 0.8163421874999999 0.0222518515625 0.8249734375 0.02265648125 0.8350421875 0.10073888906249999 0.823534375 0.088197221875 0.8163421874999999
2 0.16382962968749998 0.7918953125 0.15619351875 0.78819375 0.0948731484375 0.8169890625 0.10598055625 0.8239828125 0.16382962968749998 0.7918953125
2 0.3591296296875 0.7301890625 0.33691574062499996 0.7380046874999999 0.2663388890625 0.76063125 0.2656453703125 0.76063125 0.2735120375 0.7647453125 0.317246296875 0.75158125 0.3639888890625 0.7351265625 0.3591296296875 0.7301890625
2 0.5896018515625 0.7750296875 0.6018666671874999 0.775440625 0.5643796296875 0.7293671875000001 0.556975 0.7306 0.5896018515625 0.7750296875