4 0.5767111109374999 0.7469781249999999 0.495072221875 0.7503062500000001 0.3984546296875 0.7463124999999999 0.327790740625 0.7410234375 0.2827379625 0.7556328125 0.3194379625 0.762290625 0.3958333328125 0.7696140625 0.48870648125000005 0.7722765625 0.5943111109375 0.767615625 0.5767111109374999 0.7469781249999999
4 0.8418481484375 0.7210125 0.7819296296875 0.7283359375 0.7163944437499999 0.7396546875000001 0.6665879625 0.7416515625 0.6317601859375 0.7449796875 0.66171944375 0.76695 0.695797221875 0.76295625 0.8493379624999999 0.7443140625 0.8980212968749999 0.7283359375 0.8418481484375 0.7210125
2 0.618653703125 0.795578125 0.5789574078124999 0.7749390625 0.5725916671875 0.7796000000000001 0.6059203703125 0.796909375 0.618653703125 0.795578125
2 0.6126611109375 0.8275343749999999 0.6164064812500001 0.7915828125 0.6062953703125 0.795578125 0.601052778125 0.8321937500000001 0.6126611109375 0.8275343749999999
2 0.6684601859375 0.8827921875 0.687184259375 0.8768 0.614534259375 0.8295312499999999 0.6018009265625001 0.831528125 0.6684601859375 0.8827921875
2 0.70853055625 0.9706718750000001 0.6883083328125 0.8768 0.6725796296875 0.8827921875 0.68980555625 0.9759968750000001 0.70853055625 0.9706718750000001
2 0.229084259375 0.9656750000000001 0.35680648125 0.8811875 0.339727778125 0.8792078125 0.2164601859375 0.95379375 0.229084259375 0.9656750000000001
2 0.35754907343750003 0.8792078125 0.3638611109375 0.8264015625000001 0.35420740781250004 0.82508125 0.3404703703125 0.8805265625 0.35754907343750003 0.8792078125
2 0.36683148125 0.8277218749999999 0.424009259375 0.7953781249999999 0.410272221875 0.7953781249999999 0.3556925921875 0.8237609375 0.36683148125 0.8277218749999999
2 0.41769722187499997 0.797359375 0.41472777812499995 0.7749171875 0.40693055625 0.7782171875 0.4091583328125 0.7986796875 0.41769722187499997 0.797359375
2 0.4763611109375 0.717490625 0.45853888906250007 0.7339921875 0.44443055625000005 0.7511546874999999 0.45111388906250005 0.7518140625 0.4726481484375 0.729371875 0.48118796250000007 0.7207921875000001 0.4763611109375 0.717490625
2 0.0961629625 0.8131999999999999 0.020791667187499998 0.8231015625 0.024133332812499998 0.8356421875000001 0.10952962968749999 0.8224421875000001 0.0961629625 0.8131999999999999
2 0.111921296875 0.8199 0.1665953703125 0.7913125 0.16080648125000002 0.7875 0.10463148124999999 0.8145640625 0.111921296875 0.8199
2 0.2454981484375 0.7802578125 0.23649351875 0.776065625 0.1655240734375 0.7875 0.170240740625 0.7924562500000001 0.2454981484375 0.7802578125
2 0.24785648125 0.7821640624999999 0.27058425937499997 0.76234375 0.26500925937500003 0.759675 0.23777962968750002 0.775303125 0.24785648125 0.7821640624999999
2 0.5789046296875 0.7493828125 0.5581064812500001 0.7215578125000001 0.5546759265625 0.72575 0.570971296875 0.7493828125 0.5789046296875 0.7493828125
2 0.3859361109375 0.7265125 0.3782175921875 0.7238453125000001 0.329975 0.742140625 0.33555 0.744809375 0.33512129687500003 0.743284375 0.3859361109375 0.7265125