4 0.4210731484375 0.7457859375 0.3716731484375 0.7443921875 0.31208055625000003 0.737421875 0.2677768515625 0.7548468749999999 0.30031851875000004 0.7618171874999999 0.3775546296875 0.7680906249999999 0.472825 0.7708781250000001 0.480665740625 0.7478765625 0.46537592656250004 0.7478765625 0.4210731484375 0.7457859375
4 0.6311629625 0.7471484375 0.6723833328125 0.771575 0.750403703125 0.7611203125 0.7033564812499999 0.7450890625000001 0.6311629625 0.7471484375
2 0.4477333328125 0.7492703125 0.461847221875 0.7325437499999999 0.45086944375 0.731846875 0.438715740625 0.7478765625 0.4477333328125 0.7492703125
2 0.2324916671875 0.972309375 0.3469731484375 0.8963374999999999 0.32815462968750003 0.89355 0.196422221875 0.9744015625 0.2324916671875 0.972309375
2 0.345797221875 0.8914578125 0.3548148140625 0.8315171875 0.34540555624999997 0.8308203125 0.32854629687500003 0.89355 0.345797221875 0.8914578125
2 0.3579509265625 0.8343046875000001 0.4179361109375 0.7980609375000001 0.40539074062499997 0.7966671875 0.3477574078125 0.8266375 0.3579509265625 0.8343046875000001
2 0.40539074062499997 0.8008484375 0.41479999999999995 0.8015453125 0.40774259218750003 0.77296875 0.399509259375 0.773665625 0.40068611093750006 0.7785453125 0.40539074062499997 0.8008484375
2 0.029796296875 0.8329109375 0.121146296875 0.8092124999999999 0.20465555625 0.7799390625 0.1991666671875 0.77296875 0.10585648125 0.7994546875 0.025875926562500002 0.8168796875 0.029796296875 0.8329109375
2 0.23484444375 0.7799390625 0.2587601859375 0.7618171874999999 0.2524870375 0.7604234375 0.22543518593749998 0.7757562499999999 0.23484444375 0.7799390625
2 0.622984259375 0.8008484375 0.5892666671875 0.7792421875 0.5869148140625 0.78760625 0.609653703125 0.7987578125 0.622984259375 0.8008484375
2 0.6084777781249999 0.8363953125 0.6237685187500001 0.8363953125 0.6210240734375 0.7966671875 0.610046296875 0.8001515625 0.61083055625 0.8001515625 0.6084777781249999 0.8363953125
2 0.6806166671875 0.8928515625 0.7057092593750001 0.8872765625 0.6237685187500001 0.8370921875 0.60769351875 0.8377890625 0.6806166671875 0.8928515625
2 0.7119814812499999 0.972309375 0.7343296296874999 0.972309375 0.7064925921875 0.8886703125000001 0.6868898140625 0.8851859375 0.689634259375 0.89773125 0.7119814812499999 0.972309375