9 0.29473055625 0.78376875 0.30085740781250003 0.785403125 0.287377778125 0.7919390625 0.2818629625 0.789215625 0.29473055625 0.781590625 0.257352778125 0.7897609375 0.25153148125 0.8055562500000001 0.27420370312500003 0.7941171875 0.2763481484375 0.7979296875 0.242034259375 0.8142703125 0.2613361109375 0.8208062500000001 0.3174018515625 0.7859484375 0.322303703125 0.7886703125000001 0.337928703125 0.7717859375 0.29473055625 0.78376875
8 0.46905648125 0.8011984375000001 0.47855370312499995 0.8011984375000001 0.4641546296875 0.844771875 0.49019629687500005 0.8496734375000001 0.49417870312499995 0.8017421875 0.5042888890625 0.8033765624999999 0.49080925937500003 0.781590625 0.46905648125 0.8011984375000001
11 0.6534092593749999 0.77609375 0.6588546296875 0.7807234375000001 0.649384259375 0.785775 0.6998101859375 0.8320703125 0.72064351875 0.828703125 0.6614583328125 0.7874578125 0.665246296875 0.7845125000000001 0.6763731484375 0.79335 0.6782666671875 0.781565625 0.6534092593749999 0.77609375
2 0.32553333281249996 0.8656734374999999 0.23368796249999998 0.9642203125 0.247275 0.9700171875000001 0.3124898140625 0.9043187500000001 0.43313796250000003 0.7622953125 0.42335648125 0.7632609375 0.32553333281249996 0.8656734374999999
2 0.6815 0.9729156250000001 0.5657425921875 0.76519375 0.5559601859375001 0.77195625 0.65704444375 0.9709828125 0.6815 0.9729156250000001
2 0.733128703125 0.772921875 0.6891083328125001 0.7564968750000001 0.6825870375 0.7622953125 0.8613851859375 0.8424859375 0.9765990734375001 0.8898265625 0.9896425921875001 0.87436875 0.9282314812499999 0.8560109375 0.733128703125 0.772921875
2 0.24836203750000002 0.738140625 0.1858638890625 0.7603625 0.016303703125 0.78838125 0.022825 0.8028734375000001 0.18532037031249998 0.7700234375 0.2358620375 0.7574640625 0.26194814843750003 0.7429718750000001 0.26846944375000004 0.7255812500000001 0.25705740781249997 0.7236484375 0.24836203750000002 0.738140625
3 0.5432129625 0.7623546875 0.45299074062500005 0.7585359375 0.40250925937500004 0.757103125 0.3306574078125 0.751375 0.25923055625 0.741828125 0.25348148125000003 0.747078125 0.3345740734375 0.7599671875 0.4578240734375 0.7685609375 0.61598148125 0.7661734375 0.6925101859375 0.75758125 0.6839175921875 0.7547171875 0.5432129625 0.7623546875
3 0.26406481406250004 0.7409796875 0.33146296249999996 0.7499421875000001 0.43645370312500004 0.75758125 0.4724351859375 0.7604453125 0.4716296296875 0.7537625 0.407990740625 0.7480328125 0.303 0.7389640625 0.2619166671875 0.7341890624999999 0.26406481406250004 0.7409796875
3 0.3333425921875 0.7236875 0.262990740625 0.7127078124999999 0.26782407343750003 0.7236875 0.33280555624999997 0.7346671875 0.3333425921875 0.7236875
3 0.4713611109375 0.7384859374999999 0.41980555624999993 0.731803125 0.4214166671875 0.741828125 0.47055555625 0.745646875 0.4713611109375 0.7384859374999999
3 0.67016944375 0.7432593749999999 0.543965740625 0.751853125 0.5441296296875 0.7590125 0.6809101859375 0.7528078125000001 0.67016944375 0.7432593749999999
3 0.5427870375 0.7446765625 0.645734259375 0.7408734375 0.6333824078125 0.7322796874999999 0.544234259375 0.7361 0.5427870375 0.7446765625
2 0.3313518515625 0.6883625 0.250527778125 0.6983875 0.25562962968749997 0.7055484375 0.3351111109375 0.696 0.3313518515625 0.6883625
2 0.4521851859375 0.7370546874999999 0.46614814843749997 0.7179593750000001 0.4618518515625 0.7170046875 0.44600925937499997 0.7365765625 0.4521851859375 0.7370546874999999