8 0.34108518593750004 0.7950046875 0.29366111093749997 0.8333328124999999 0.318040740625 0.8362890625 0.3546509265625 0.796296875 0.3636138890625 0.79801875 0.367490740625 0.777778125 0.332122221875 0.7932812499999999 0.34108518593750004 0.7950046875
8 0.5175175921874999 0.8038562499999999 0.5266851859374999 0.802815625 0.53624351875 0.8489390625000001 0.5633583328125 0.8478984374999999 0.5401453703125 0.803509375 0.550678703125 0.8021218749999999 0.5262953703125001 0.7827015625 0.5175175921874999 0.8038562499999999
11 0.66806851875 0.77665 0.6762490734375 0.7825859375 0.6658990734375 0.78644375 0.7331731484375 0.8315531249999999 0.752871296875 0.8250234375 0.6817574078125 0.7882234375 0.684428703125 0.786740625 0.6974490734375001 0.7938625 0.695947221875 0.7822890625000001 0.66806851875 0.77665
8 0.42064351875000006 0.722221875 0.42291666718750004 0.7234 0.41571944375000003 0.729125 0.42509444375000005 0.7313125 0.4302083328125 0.7244109375 0.4341851859375 0.7242421875 0.43115555624999996 0.71851875 0.42064351875000006 0.722221875
8 0.5004138890625 0.726409375 0.5019518515625 0.7328203125 0.5112333328124999 0.7325375000000001 0.5066722218749999 0.726503125 0.51054351875 0.7261265625 0.5030129624999999 0.7214109375 0.49606481406249997 0.725465625 0.5004138890625 0.726409375
11 0.5827185187499999 0.7211531250000001 0.5715574078125 0.7197546874999999 0.57263055625 0.7211531250000001 0.5661203703125001 0.7222984375 0.576565740625 0.7319640625 0.585222221875 0.729803125 0.5740611109375 0.723315625 0.5749916671874999 0.7228078124999999 0.5782824078125001 0.7244609375 0.5827185187499999 0.7211531250000001
2 0.42442037031249996 0.9730390625 0.44963425937499996 0.8068203125 0.439128703125 0.8055749999999999 0.40796203750000004 0.9699265625000001 0.42442037031249996 0.9730390625
2 0.4531351859375 0.7775593749999999 0.46434166718750003 0.739584375 0.4590888890625 0.7389625 0.44543148125 0.7775593749999999 0.4531351859375 0.7775593749999999
2 0.4664425921875 0.733359375 0.4772981484375 0.6953843749999999 0.47099537031249994 0.6997421875 0.4597888890625 0.7346046875 0.4664425921875 0.733359375
2 0.5504861109375 0.7314921875 0.5182694437500001 0.6966296875 0.5133666671875 0.701609375 0.5455833328125 0.73709375 0.5504861109375 0.7314921875
2 0.5893564812500001 0.7763140625 0.5974111109375 0.77195625 0.5609916671875 0.7346046875 0.5546888890624999 0.7414515625 0.5893564812500001 0.7763140625
2 0.186297221875 0.8149124999999999 0.0220611109375 0.8865046875000001 0.0290648140625 0.90518125 0.1789425921875 0.8342109375 0.4083120375 0.71841875 0.4181175921875 0.7090796874999999 0.4125148140625 0.7072125 0.3592870375 0.7321140625 0.186297221875 0.8149124999999999
2 0.8610981484375 0.9693046875 0.8723037031249999 0.9587203125 0.63558055625 0.8018390625 0.624725 0.806196875 0.8610981484375 0.9693046875
2 0.8488416671874999 0.8074421875000001 0.6821546296875 0.7464328124999999 0.6261259265625 0.72775625 0.618772221875 0.73086875 0.666396296875 0.7507906249999999 0.8442888890625 0.8167796875000001 0.9594990734375 0.8603578125 0.9630009265625 0.846040625 0.8488416671874999 0.8074421875000001