8 0.38576944375 0.7544734375 0.3908453703125 0.7556499999999999 0.3707629625 0.7709515625 0.385990740625 0.7744828125 0.40011481406250005 0.7560421875000001 0.4065148140625 0.75721875 0.404528703125 0.7466265625 0.38576944375 0.7544734375
8 0.5109018515625 0.759965625 0.51708148125 0.759965625 0.5212749999999999 0.7787984375 0.5378268515625 0.77840625 0.527675 0.7591812499999999 0.5331916671875 0.7587890625 0.51708148125 0.749371875 0.5109018515625 0.759965625
11 0.617559259375 0.7502171875 0.614227778125 0.75298125 0.6451 0.7734156249999999 0.6593148140625 0.7713421874999999 0.6256666671875 0.753178125 0.6283314812499999 0.75199375 0.6346611109375 0.7569296875 0.6376601859375 0.7504140625 0.6182259265625001 0.7480453125000001 0.6230009265625001 0.7502171875 0.617559259375 0.7502171875
8 0.43137499999999995 0.713978125 0.43310462968749996 0.7150546875 0.42929814843749997 0.7190531250000001 0.43665185156249997 0.7199765625000001 0.43993981406250005 0.7150546875 0.443140740625 0.7150546875 0.44037222187499997 0.7110562500000001 0.43137499999999995 0.713978125
8 0.49557777812500003 0.7165046875 0.49916111093750004 0.716815625 0.4996851859375 0.7208546874999999 0.507725 0.7208546874999999 0.5046666671875 0.71635 0.5079 0.7154171875 0.500472221875 0.712621875 0.49557777812500003 0.7165046875
11 0.5578018515625 0.7122499999999999 0.5593490734375 0.7135453125 0.5543416671875 0.71419375 0.5611703703125 0.72034375 0.56881944375 0.719696875 0.562627778125 0.7151640625 0.5652685187500001 0.71565 0.568 0.712575 0.5578018515625 0.7122499999999999
2 0.143625 0.8479765625000001 0.030614814062500002 0.903075 0.0472453703125 0.9138249999999999 0.152696296875 0.8546953125 0.33185 0.7565937500000001 0.3862759265625 0.7277015625 0.380228703125 0.7250125 0.2914083328125 0.7686890625 0.143625 0.8479765625000001
2 0.47018333281249997 0.9655640625 0.46527037031249996 0.9218890625 0.4486398140625 0.9239046875 0.4478833328125 0.9689234375 0.47018333281249997 0.9655640625
2 0.4671601859375 0.832521875 0.46527037031249996 0.7565937500000001 0.4580888890625 0.75390625 0.45393148125 0.8372249999999999 0.4671601859375 0.832521875
2 0.6739046296875 0.82244375 0.6837314812499999 0.8184109375 0.5888629625 0.758609375 0.583571296875 0.75928125 0.6739046296875 0.82244375
2 0.46791574062499997 0.747859375 0.47056111093749997 0.7270296875 0.4656481484375 0.722996875 0.459978703125 0.7471875 0.46791574062499997 0.747859375
2 0.47018333281249997 0.721653125 0.475475 0.6981359375 0.47093981406249996 0.6981359375 0.466403703125 0.72098125 0.47018333281249997 0.721653125
2 0.5635398140625 0.74853125 0.5714768515624999 0.7458437499999999 0.54653148125 0.722996875 0.5423740734375 0.7250125 0.5635398140625 0.74853125
2 0.5419962968750001 0.7189656249999999 0.5140268515625 0.6961203125 0.5083574078125 0.6988078125 0.5348148140625 0.722996875 0.5419962968750001 0.7189656249999999
2 0.612297221875 0.7182937500000001 0.6073833328125 0.7270296875 0.7075425921875 0.7639843749999999 0.9740055562500001 0.865446875 0.993659259375 0.8473046875 0.8436092593750001 0.8036296875 0.6345962968750001 0.7290453125 0.612297221875 0.7182937500000001
2 0.8882083328125001 0.9561578125000001 0.8980351859375 0.9339828125 0.79220648125 0.8788859375 0.775953703125 0.8869484375000001 0.8882083328125001 0.9561578125000001