8 0.23691018593750002 0.8677484375000001 0.26733055625 0.8751234374999999 0.32540555625 0.8169453125 0.3346240734375 0.818584375 0.3447638890625 0.79154375 0.2991333328125 0.811209375 0.309734259375 0.8144875 0.23691018593750002 0.8677484375000001
8 0.5208333328125 0.8284171875 0.533277778125 0.8251390625000001 0.5475666671874999 0.8980656249999999 0.582596296875 0.8997046875000001 0.55033148125 0.826778125 0.56139351875 0.825959375 0.5318953703125 0.7997375 0.5208333328125 0.8284171875
11 0.695222221875 0.78865 0.7068824078125 0.79648125 0.695222221875 0.79924375 0.700922221875 0.8052328125000001 0.7916148140625 0.8655796875 0.8146768515625 0.8563656249999999 0.7136194437500001 0.8033906249999999 0.7180240734375001 0.8010875000000001 0.7361629625 0.8130640625 0.72994444375 0.79648125 0.695222221875 0.78865
8 0.40901481406249995 0.7292859375 0.4192175921875 0.73095625 0.42458611093750004 0.7233203125000001 0.42928518593750004 0.7233203125000001 0.42633148125 0.7178312499999999 0.41451851875 0.7209328125 0.4173379625 0.7226046875 0.40901481406249995 0.7292859375
8 0.49709259218749996 0.7250359375000001 0.5012333328125 0.7250359375000001 0.5020611109375 0.7333796875 0.5125518515625 0.7330515625 0.5075824078125 0.7252 0.5117231484375 0.7240546875 0.5020611109375 0.720128125 0.49709259218749996 0.7250359375000001
11 0.5781129625 0.7209140625 0.5726833328125001 0.7211218749999999 0.5740259265625001 0.72340625 0.5832518515625 0.73160625 0.593002778125 0.73056875 0.5802740734375 0.722575 0.5850620375 0.7245468749999999 0.58833148125 0.7209140625 0.5770620375 0.7185265625 0.5781129625 0.7209140625
2 0.40995555625 0.9734562499999999 0.4375611109375 0.8320890625 0.4243768515625 0.83135625 0.3877074078125 0.9763859374999999 0.40995555625 0.9734562499999999
2 0.18211111093750001 0.813778125 0.02636944375 0.874571875 0.029252778125 0.8899546875000001 0.1376129625 0.8474718749999999 0.3658703703125 0.7346703125 0.380702778125 0.72588125 0.3765824078125 0.720753125 0.3362046296875 0.7383328125 0.18211111093750001 0.813778125
2 0.4379731484375 0.788140625 0.4449768515625 0.7925359375000001 0.460634259375 0.7376 0.454865740625 0.7383328125 0.455277778125 0.739796875 0.4379731484375 0.788140625
2 0.46228148124999996 0.7368671875 0.4750546296875 0.70024375 0.46805 0.6987796875 0.45733796250000003 0.7324734375 0.46228148124999996 0.7368671875
2 0.55910555625 0.7339375 0.5335611109375 0.7083015625 0.5282046296875 0.71123125 0.5496296296875001 0.7368671875 0.55910555625 0.7339375
2 0.6048398140625 0.7947328125 0.6172 0.7896062500000001 0.566522221875 0.7405296875 0.5599296296875 0.746390625 0.6048398140625 0.7947328125
2 0.840925 0.9683296875 0.8780064812499999 0.9705265624999999 0.6662296296875 0.818171875 0.65510555625 0.8284265625 0.840925 0.9683296875
2 0.6279120375 0.72221875 0.6295601859375 0.7310078125 0.8516370375 0.8174390624999999 0.9356879625 0.8452734375000001 0.9356879625 0.83501875 0.8442203703125 0.8020578125 0.705371296875 0.75225 0.6279120375 0.72221875