8 0.1749129625 0.91183125 0.20818888906250002 0.9221187499999999 0.2928240734375 0.8398140625 0.3072916671875 0.844959375 0.32320648125 0.8102359375000001 0.2653361109375 0.833384375 0.2776333328125 0.83595625 0.1749129625 0.91183125
8 0.5387731484375 0.8578187500000001 0.56336851875 0.9645578125000001 0.606047221875 0.9619859375 0.559027778125 0.8578187500000001 0.5706018515625 0.8513890625 0.5358796296875 0.8192390625 0.5235824078125 0.8591046875 0.5387731484375 0.8578187500000001
11 0.7254055562499999 0.8050921875 0.7391490734375 0.812809375 0.7268518515625 0.820525 0.85923055625 0.9054015625 0.8816555562499999 0.892540625 0.7478296296875 0.8230968750000001 0.7507231484375 0.8179531250000001 0.7731481484375 0.8308125000000001 0.7644675921874999 0.8115218750000001 0.7254055562499999 0.8050921875
8 0.402697221875 0.7342625 0.41378148125 0.7356109375 0.4207666671875 0.726703125 0.425322221875 0.7269734375 0.4225888890625 0.7207640625 0.40952962968750006 0.725353125 0.4122629625 0.7264328124999999 0.402697221875 0.7342625
8 0.4974490734375 0.7294031249999999 0.5017009265625 0.7294031249999999 0.502915740625 0.7375015625 0.51445555625 0.7375015625 0.5086851859375 0.7288625 0.5127851859375 0.7277828125 0.5038268515625 0.7229234375 0.4974490734375 0.7294031249999999
11 0.5823759265625 0.721746875 0.5836 0.723528125 0.5782583328124999 0.7249125000000001 0.59116851875 0.7365859375 0.600071296875 0.7340140625 0.585603703125 0.7257046875000001 0.5871620375 0.724715625 0.5905 0.7270890624999999 0.5943953703125 0.7231328125 0.5823759265625 0.721746875
2 0.3942166671875 0.978875 0.4276388890625 0.86841875 0.4092138890625 0.8653718749999999 0.37921851875 0.9682109375 0.3942166671875 0.978875
2 0.440922221875 0.8105234375 0.4606333328125 0.7450125 0.4503490734375 0.7465359375 0.42506759218749995 0.8089999999999999 0.440922221875 0.8105234375
2 0.4614898140625 0.7373937500000001 0.47605925937500004 0.69778125 0.469202778125 0.69778125 0.4550629625 0.7366328125 0.4614898140625 0.7373937500000001
2 0.551902778125 0.741203125 0.563472221875 0.7373937500000001 0.523622221875 0.69778125 0.5180518515625 0.7008296875 0.551902778125 0.741203125
2 0.6217481484375 0.806715625 0.6371731484375001 0.8021453125000001 0.5720425921875 0.7427265625 0.563472221875 0.7488203125 0.6217481484375 0.806715625
2 0.8175703703125 0.9666874999999999 0.8689898140625001 0.9735421875 0.6963064812499999 0.8501359374999999 0.67959444375 0.85546875 0.8175703703125 0.9666874999999999
2 0.7245870375 0.7556765624999999 0.6410296296875 0.7267296875 0.6337453703125 0.7343468750000001 0.8531351859375 0.8211890625 0.960259259375 0.851659375 0.9636879625000001 0.838709375 0.9362638890625 0.8326156250000001 0.7245870375 0.7556765624999999
2 0.0659879625 0.8608015625000001 0.0124259265625 0.8790828125000001 0.0261379625 0.8950812499999999 0.0874129625 0.8668953125 0.269952778125 0.7831 0.358222221875 0.7381562500000001 0.3487953703125 0.7343468750000001 0.2288166671875 0.78995625 0.0659879625 0.8608015625000001