11 0.649984259375 0.765 0.65575 0.770125 0.6474861109375001 0.773540625 0.6947648140625 0.8097578125 0.7130231484375 0.806340625 0.65959444375 0.77525 0.6632453703125 0.773540625 0.67285555625 0.779690625 0.6747768515625 0.77115 0.649984259375 0.765
11 0.57081851875 0.71609375 0.5712675921875 0.717159375 0.566247221875 0.7166265625 0.566547221875 0.719290625 0.573665740625 0.7260859375 0.5828833328125 0.7251531250000001 0.574040740625 0.7186250000000001 0.5769638890625 0.7195578125 0.5796611109375001 0.716759375 0.57081851875 0.71609375
8 0.5016574078125 0.7870375000000001 0.50946944375 0.7874578125 0.5123101859375 0.8202859374999999 0.5348009265625 0.8211281250000001 0.52178055625 0.785775 0.5305398140625 0.785353125 0.51373148125 0.7727265625 0.5016574078125 0.7870375000000001
8 0.4987953703125 0.72040625 0.498871296875 0.72650625 0.50786944375 0.7266421875 0.5044379625000001 0.72040625 0.5075648140625 0.7202703125000001 0.5016166671875 0.71593125 0.4950583328125 0.7202703125000001 0.4987953703125 0.72040625
8 0.304053703125 0.80401875 0.325571296875 0.8079515625000001 0.3581481484375 0.7786359375 0.368202778125 0.7797078125 0.3696111109375 0.7654078125 0.3392453703125 0.7768484375 0.34527870312500003 0.7779203125 0.304053703125 0.80401875
8 0.41781296250000005 0.723796875 0.42734351875 0.7249078124999999 0.43166666718749996 0.7188890625 0.435728703125 0.7188890625 0.4328648140625 0.713240625 0.4214583328125 0.7168515625 0.4243231484375 0.7175921875 0.41781296250000005 0.723796875
2 0.35382314843749996 0.9757484375000001 0.3922268515625 0.8898328125000001 0.3710833328125 0.889065625 0.32922870312499997 0.9719125 0.35382314843749996 0.9757484375000001
2 0.4722796296875 0.7136296875 0.46593055625 0.7125375 0.412271296875 0.8170328124999999 0.42476481406250005 0.8195828125 0.4722796296875 0.7136296875
2 0.0880916671875 0.841009375 0.030690740625 0.858865625 0.0374138890625 0.8735968749999999 0.09591944375 0.8512765625000001 0.28173148124999997 0.7762828125000001 0.375096296875 0.731196875 0.36932129687500004 0.7262859374999999 0.27591296249999997 0.769140625 0.0880916671875 0.841009375
2 0.6839898140625 0.8860953125 0.682734259375 0.8869890625 0.7530416671875 0.9682328124999999 0.785684259375 0.9682328124999999 0.701315740625 0.8820781249999999 0.6839898140625 0.8860953125
2 0.61895555625 0.8200296874999999 0.6312592593749999 0.8137796875 0.5345870374999999 0.71289375 0.5285601859375 0.7133406250000001 0.5288111109375 0.7133406250000001 0.61895555625 0.8200296874999999
2 0.66189351875 0.738784375 0.6601351859375 0.7459265625 0.8672907406249999 0.826725 0.9574351859375 0.8561875000000001 0.9574351859375 0.8436875 0.87055555625 0.817796875 0.66189351875 0.738784375