8 0.27350555625 0.7506781250000001 0.23921481406249998 0.7665546875 0.2559851859375 0.768615625 0.282709259375 0.7522546875 0.2891851859375 0.7528609375 0.29259351875 0.74304375 0.2677111109375 0.7495875 0.27350555625 0.7506781250000001
8 0.35241388906250004 0.7580484375000001 0.3181583328125 0.7749171875 0.33349722187499997 0.777946875 0.36190648125 0.759778125 0.36653055625 0.7602109375 0.373240740625 0.7500734375 0.3483583328125 0.7578296875 0.35241388906250004 0.7580484375000001
8 0.5008759265625 0.76843125 0.49329166718749995 0.7899453125 0.5116981484374999 0.7892187500000001 0.510471296875 0.7689796875 0.516209259375 0.7688640625 0.50624444375 0.7578296875 0.49301944375 0.7682515624999999 0.5008759265625 0.76843125
2 0.232403703125 0.9707296875000001 0.3519898140625 0.8503921875 0.3380009265625 0.8471828125 0.2062296296875 0.972334375 0.232403703125 0.9707296875000001
2 0.3953333328125 0.8033125 0.44346018593750003 0.7530640625 0.436202778125 0.7517046875 0.3869296296875 0.8012765625 0.3953333328125 0.8033125
2 0.45339166718749996 0.7432171875 0.469815740625 0.7231859375 0.46485000000000004 0.721828125 0.446325 0.7415203125 0.45339166718749996 0.7432171875
2 0.6071324078125 0.7914296875 0.5693175921875 0.74559375 0.5654981484375 0.74865 0.6529675921875 0.8685015625 0.7280240734375 0.9703593749999999 0.7444481484375001 0.9693406250000001 0.6949833328125 0.906528125 0.6071324078125 0.7914296875
2 0.053092592187499996 0.7846390624999999 0.0095490734375 0.79584375 0.0145148140625 0.8063687500000001 0.0677990734375 0.7924484374999999 0.053092592187499996 0.7846390624999999
2 0.15087592656249998 0.77071875 0.2431203703125 0.7374453125 0.2347166671875 0.7360875 0.14361851875 0.7663046875 0.15087592656249998 0.77071875
2 0.26431944375 0.732353125 0.29850462968749997 0.7126609375 0.294303703125 0.7109625 0.2614546296875 0.7269203125 0.26431944375 0.732353125
2 0.88195555625 0.7924484374999999 0.8815731484375 0.7927875 0.9149953703125 0.804671875 0.9233981484375 0.8005968749999999 0.8867296296875 0.7914296875 0.88195555625 0.7924484374999999