8 0.4985120375 0.7917390625 0.49098148124999996 0.82711875 0.5125564812500001 0.8268734375 0.510703703125 0.7915796875 0.5194888890625 0.7922171875 0.5056833328125 0.7769171874999999 0.4899953703125 0.7917390625 0.4985120375 0.7917390625
8 0.3173453703125 0.7769874999999999 0.2637333328125 0.8019375 0.28302685156249996 0.8060578125 0.3275601859375 0.7791484375 0.3359175921875 0.779859375 0.34423425937499996 0.7667171875000001 0.3109759265625 0.7764390624999999 0.3173453703125 0.7769874999999999
8 0.17502407343749998 0.7852421875 0.192197221875 0.7887109375 0.2351370375 0.7668765625 0.24320462968749998 0.7679921875 0.25216944375 0.754128125 0.2160425921875 0.7635296874999999 0.22491759218750002 0.7646453125 0.17502407343749998 0.7852421875
2 0.7537546296875 0.9765609375000001 0.5500925921875 0.719809375 0.5445675921875 0.722615625 0.735334259375 0.972415625 0.7537546296875 0.9765609375000001
2 0.421825 0.77003125 0.346153703125 0.84538125 0.3544583328125 0.8502828125 0.42820648125 0.7708406250000001 0.421825 0.77003125
2 0.45844722187500003 0.72926875 0.43842037031250003 0.750865625 0.4434490734375 0.75493125 0.4636231484375 0.73206875 0.45844722187500003 0.72926875
2 0.480496296875 0.7094828125 0.46594074062499996 0.7240609375 0.46914351875 0.7247328125 0.4809583328125 0.713178125 0.480496296875 0.7094828125
8 0.4230324078125 0.7214390625 0.430677778125 0.7229281249999999 0.4359370375 0.7189734375 0.44003055625 0.71885 0.43794907343749995 0.7142875 0.43142777812500005 0.7162609375 0.4323990734375 0.7171234375 0.4230324078125 0.7214390625
2 0.18978425937500001 0.7438203125 0.051504629687500005 0.7828015625 0.058137962499999994 0.7861281250000001 0.19354351875 0.7475328125 0.18978425937500001 0.7438203125
2 0.229722221875 0.7359015624999999 0.254434259375 0.7273015625 0.26947407343749996 0.7198765625 0.267802778125 0.7180203125 0.25171944375 0.72433125 0.225609259375 0.7328703125 0.229722221875 0.7359015624999999
2 0.2832120375 0.713265625 0.30499444375 0.7005453125 0.32414444375 0.687634375 0.3226583328125 0.6858734375 0.30565555624999996 0.6967296875 0.2797370375 0.7114 0.2832120375 0.713265625