8 0.4938166671875 0.8480062500000001 0.48246574062500003 0.9370375 0.519190740625 0.9382234374999999 0.5118453703125 0.8491921874999999 0.5238648140625 0.8444437499999999 0.5085074078125 0.8183281250000001 0.4831333328125 0.8444437499999999 0.4938166671875 0.8480062500000001
8 0.14325555625 0.856315625 0.1599490734375 0.8658125 0.2533546296875 0.817190625 0.2625601859375 0.817415625 0.284815740625 0.7957734375000001 0.23473518593749998 0.81001875 0.24208055625 0.8147671875 0.14325555625 0.856315625
8 0.170434259375 0.77344375 0.12055277812500001 0.7815296875 0.12455925937500001 0.785090625 0.038421296875 0.8159546875 0.051108332812500004 0.8242640625 0.137246296875 0.7898390625 0.147827778125 0.7911734375 0.170434259375 0.77344375
2 0.3917759265625 0.801496875 0.21400000000000002 0.977934375 0.248365740625 0.9717578124999999 0.3995620375 0.803803125 0.3917759265625 0.801496875
2 0.7589203703125 0.9706703125 0.5493518515625 0.7169703125 0.5435129625 0.7169703125 0.74351944375 0.9717578124999999 0.7589203703125 0.9706703125
2 0.4500990734375 0.737390625 0.41920833281250003 0.7723296875 0.42593148125 0.7732328125000001 0.453609259375 0.74071875 0.4500990734375 0.737390625
2 0.4804046296875 0.710015625 0.45776296250000004 0.73136875 0.4627916671875 0.731959375 0.48156018593749994 0.7122734375 0.4804046296875 0.710015625
2 0.1032916671875 0.753971875 0.00047870312499999996 0.774709375 0.0007759265625 0.779159375 0.1065259265625 0.7574625 0.1032916671875 0.753971875
2 0.164265740625 0.743025 0.2080611109375 0.729853125 0.22966388906250002 0.7218453125 0.2267759265625 0.7210234375 0.1951231484375 0.731084375 0.162546296875 0.7397078125000001 0.164265740625 0.743025
2 0.30986944375 0.684028125 0.24610185156250003 0.712978125 0.24925092656249997 0.7168281249999999 0.313103703125 0.6858765625000001 0.30986944375 0.684028125
8 0.2876888890625 0.715853125 0.29574444375 0.7170546875 0.299703703125 0.7121562499999999 0.3042083328125 0.7123625 0.3024759265625 0.7084609375 0.29219444375000003 0.7101031250000001 0.2950824078125 0.711540625 0.2876888890625 0.715853125
8 0.4099675921875 0.7282546875 0.4170490734375 0.7293671875000001 0.4251851859375 0.723528125 0.4292018515625 0.7237296875 0.4291453703125 0.7192046875 0.41783148125 0.7208140625 0.4203768515625 0.722421875 0.4099675921875 0.7282546875