8 0.5138490734375 0.901425 0.5305425921875 0.9026109375000001 0.506821296875 0.8507234374999999 0.478459259375 0.8990500000000001 0.4938166671875 0.901425 0.477790740625 0.9975781250000001 0.5046879625 0.9990734375000001 0.5198583328125 0.9963906250000001 0.5138490734375 0.901425
8 0.0290731484375 0.901425 0.04910555625 0.9216046875 0.19266851875 0.8468187500000001 0.2013490734375 0.8527546875 0.23540370312499997 0.8183281250000001 0.17063333281249998 0.836134375 0.1766425921875 0.8408828125 0.0290731484375 0.901425
8 0.04776944375 0.7934 0.055114814062499996 0.7981484375 0.0050351859375000006 0.81239375 0.0003601859375 0.8290124999999999 0.063127778125 0.8040828125000001 0.0704731484375 0.8076453125 0.10786574062500001 0.785090625 0.04776944375 0.7934
2 0.54898148125 0.7210953124999999 0.5925666671875 0.775778125 0.7454981484375 0.9694843750000001 0.7587046296875 0.9680781250000001 0.684352778125 0.8769406249999999 0.5946175921875 0.77304375 0.553596296875 0.7210953124999999 0.54898148125 0.7210953124999999
2 0.36403055625 0.82580625 0.22455740781250003 0.9716265625 0.2481629625 0.9724921875 0.3742861109375 0.8303640624999999 0.36403055625 0.82580625
2 0.44388981406249994 0.7445390625 0.4053953703125 0.7861171875 0.412272221875 0.7879328125 0.448627778125 0.74611875 0.44388981406249994 0.7445390625
2 0.48102407343750003 0.7082828125 0.453215740625 0.73484375 0.458990740625 0.736984375 0.483102778125 0.7103625 0.48102407343750003 0.7082828125
8 0.4021138890625 0.7311328125000001 0.40872037031249997 0.733221875 0.4194601859375 0.7251296875000001 0.4233861109375 0.725453125 0.42329444374999997 0.721071875 0.4106046296875 0.7225328125 0.41334351874999997 0.7236687500000001 0.4021138890625 0.7311328125000001
2 0.0465981484375 0.7575296875 0.0008583328125 0.7661296875 0.0008138890625000001 0.7699874999999999 0.0496111109375 0.7617484375 0.0465981484375 0.7575296875
2 0.20425185156249998 0.72045625 0.11888888906249999 0.742525 0.12189074062500001 0.7462500000000001 0.20680833281250002 0.7237015625 0.20425185156249998 0.72045625
2 0.303202778125 0.68245625 0.224322221875 0.7126390625 0.2300166671875 0.7171578125 0.306215740625 0.684728125 0.303202778125 0.68245625
8 0.271065740625 0.7173437500000001 0.27810555625 0.7200140625 0.2855824078125 0.7124765625 0.2903296296875 0.713125 0.2899648140625 0.7077703125 0.2772740734375 0.7090687499999999 0.28046944375 0.7116640624999999 0.271065740625 0.7173437500000001