9 0.595553703125 0.796034375 0.6060435187500001 0.7953796875 0.6121175921875001 0.8051953125000001 0.6093564812500001 0.8038875000000001 0.60273148125 0.8022515625000001 0.5946333328125 0.8022515625000001 0.5904009265625 0.7966890624999999 0.5799101859375 0.8051953125000001 0.601259259375 0.8127203125 0.5988666671875 0.809121875 0.6093564812500001 0.809121875 0.614877778125 0.810103125 0.61635 0.8117390625 0.6391712968750001 0.8536187500000001 0.660703703125 0.8506734375 0.61635 0.7999609375000001 0.614509259375 0.7947265625 0.6240796296875 0.79374375 0.5944490734375 0.7741140625 0.595553703125 0.796034375
8 0.7689879625 0.778946875 0.85988055625 0.8126578125 0.8739129625000001 0.8088374999999999 0.7760666671875 0.7773734375 0.78074444375 0.7758 0.732453703125 0.7632140625 0.7595064812500001 0.7802953125000001 0.7689879625 0.778946875
2 0.44134629687500004 0.9354875 0.4304990734375 0.9731687499999999 0.4706731484375 0.9707515624999999 0.476352778125 0.938115625 0.44134629687500004 0.9354875
2 0.503671296875 0.8062765625000001 0.4840259265625 0.8052640625 0.47375092656250006 0.841121875 0.495984259375 0.8417 0.503671296875 0.8062765625000001
2 0.5085648140625 0.7771546875 0.5120611109375 0.76310625 0.5003555562499999 0.7620250000000001 0.49564351875 0.777965625 0.5085648140625 0.7771546875
2 0.5143416671875001 0.7528390625 0.517077778125 0.7417609374999999 0.5073490734375 0.7406796875 0.5035203703125 0.74983125 0.5143416671875001 0.7528390625
2 0.5187768515625 0.7300453124999999 0.5114981484375 0.7295109375 0.5096379625 0.735709375 0.5178759265624999 0.7359125 0.5187768515625 0.7300453124999999
2 0.520727778125 0.7209749999999999 0.5137490734375 0.7209749999999999 0.5127740734375 0.72588125 0.519977778125 0.7259109375 0.520727778125 0.7209749999999999
2 0.4943731484375 0.68995 0.37671944375 0.8172359374999999 0.2268388890625 0.9722515625 0.2616 0.9735921875000001 0.312521296875 0.9113359375 0.4094583328125 0.7963250000000001 0.4677731484375 0.7254078125000001 0.48823518593750004 0.699496875 0.49590833281249996 0.68995 0.4943731484375 0.68995
2 0.9492879625 0.9359765624999999 0.92678055625 0.9246109375 0.9234555562500001 0.9255203125 0.8068453703125 0.8564234374999999 0.7922666671874999 0.8618781249999999 0.895853703125 0.928703125 0.9349861109375001 0.9459765625 0.9421472218750001 0.9573421874999999 0.9697703703125 0.9709796875000001 0.9702611109375001 0.971434375 0.9838166671874999 0.959615625 0.9804916671875 0.955978125 0.95645 0.9468859374999999 0.9492879625 0.9359765624999999
2 0.6497018515625 0.76020625 0.62974351875 0.7455046875 0.621471296875 0.7464375000000001 0.6403870375 0.7624140625 0.6497018515625 0.76020625
2 0.5970833328125 0.7262296874999999 0.58971944375 0.7193625 0.5840324078125 0.7203984375 0.5912499999999999 0.7267484375000001 0.5970833328125 0.7262296874999999
2 0.5221907406249999 0.71498125 0.5163648140625 0.7146453125 0.5151333328125001 0.7191062500000001 0.521047221875 0.7192703125000001 0.5221907406249999 0.71498125
2 0.5221907406249999 0.7148140625 0.5229481484375 0.7102671875000001 0.5175962968750001 0.710015625 0.5167759265625 0.71399375 0.5221907406249999 0.7148140625