9 0.5709500000000001 0.7526296875 0.5726018515625 0.7552875 0.5678814812499999 0.755846875 0.5622166671875 0.7548671875 0.56198055625 0.7524890625 0.5519888890625 0.75794375 0.565521296875 0.7611609374999999 0.5641833328125 0.7589234375 0.5707138890625 0.75934375 0.5739398140625 0.7601828125 0.5796824078125 0.7757078125 0.5930574078124999 0.7741687500000001 0.5770861109375 0.752909375 0.5823574078125 0.752209375 0.567802778125 0.74311875 0.5641046296875001 0.7523500000000001 0.5709500000000001 0.7526296875
2 0.425465740625 0.9003375 0.394684259375 0.971671875 0.4405398140625 0.972115625 0.461702778125 0.902415625 0.425465740625 0.9003375
2 0.474672221875 0.7950015625 0.4596953703125 0.8270296874999999 0.4830620375 0.8276749999999999 0.4926916671875 0.795834375 0.474672221875 0.7950015625
2 0.50406944375 0.756815625 0.4919074078125 0.756815625 0.4862666671875 0.7709546875 0.4996101859375 0.770746875 0.50406944375 0.756815625
2 0.5102481484375 0.737171875 0.5007824078125 0.737171875 0.4974583328125 0.746028125 0.5077962968749999 0.746496875 0.5102481484375 0.737171875
2 0.5059768515624999 0.7249656250000001 0.503277778125 0.7310265625000001 0.5119324078124999 0.732234375 0.5141231484375 0.7256390625 0.5059768515624999 0.7249656250000001
2 0.5090083328125 0.71663125 0.50791851875 0.7210921875 0.514953703125 0.7225109375 0.5161120375 0.7172203125000001 0.5090083328125 0.71663125
2 0.25858240781249997 0.971578125 0.4380870375 0.75971875 0.4974259265625 0.6848421874999999 0.4942546296875 0.6856484375 0.42132777812500005 0.7637453125 0.22247499999999998 0.9714656250000001 0.25858240781249997 0.971578125
2 0.72168148125 0.8120015625000001 0.6707018515625001 0.7758359375 0.6606398140625 0.7782203125 0.70745648125 0.8144484375 0.72168148125 0.8120015625000001
2 0.6101009265624999 0.7356109375 0.59959444375 0.7267453125000001 0.5937574078125001 0.7278765625 0.6036398140625 0.7363921875 0.6101009265624999 0.7356109375
2 0.8240953703124999 0.7633375 0.9987555562500001 0.799740625 0.9993101859375001 0.792125 0.850009259375 0.7628140625000001 0.7522435187500001 0.7403062499999999 0.751359259375 0.7450171875 0.8240953703124999 0.7633375