8 0.7243675921875 0.7624203125 0.782509259375 0.787596875 0.7970638890624999 0.7845187499999999 0.7322351859375 0.761440625 0.7357750000000001 0.7606015625 0.7002138890625 0.752909375 0.7162638890624999 0.7635390625 0.7243675921875 0.7624203125
9 0.5793481484375 0.7748796875 0.5875 0.7745578125 0.5894018515624999 0.7789046875000001 0.5773546296875 0.7781 0.5758148140625 0.7739125 0.5645833328125 0.7809984375 0.581884259375 0.7861515625 0.5798916671875001 0.7824484375 0.5859601859375 0.7829312500000001 0.592753703125 0.78421875 0.6040759265625 0.8091781250000001 0.6214675921875 0.8082125 0.5980981484375001 0.778421875 0.5951083328125 0.774396875 0.6020833328124999 0.773590625 0.5801629625 0.758615625 0.5793481484375 0.7748796875
2 0.26176296250000003 0.9695609375 0.43745555625000004 0.7629140624999999 0.4962388890625 0.6921328124999999 0.49481666718749995 0.68960625 0.40000462968750006 0.7915625000000001 0.22412685156249998 0.9744093749999999 0.26176296250000003 0.9695609375
2 0.48865370312499995 0.847175 0.46210648125000003 0.847175 0.438403703125 0.9137421874999999 0.47111388906249996 0.9171125 0.48865370312499995 0.847175
2 0.5045138890625 0.780196875 0.48889444375 0.780196875 0.48132592656249995 0.8010531249999999 0.49925277812499996 0.8018218750000001 0.5045138890625 0.780196875
2 0.5004648140625 0.7515546875 0.49676203750000003 0.7620171874999999 0.5088064812499999 0.76310625 0.5112888890625 0.7518921875 0.5004648140625 0.7515546875
2 0.516084259375 0.734559375 0.5074166671875 0.734221875 0.504640740625 0.74241875 0.5142370374999999 0.742471875 0.516084259375 0.734559375
2 0.5172203703125 0.7307703125 0.5181203703125 0.7249625 0.51006944375 0.7252984375 0.50874351875 0.7309390625 0.5089120375 0.7310296875 0.5172203703125 0.7307703125
2 0.5199796296875 0.7173546875000001 0.5132546296875 0.7165125 0.5123546296875 0.7224890625 0.5187009265625 0.7227421875 0.5199796296875 0.7173546875000001
2 0.8253675921875001 0.8757781250000001 0.7287851859375001 0.81058125 0.716646296875 0.8143328125 0.8085287031249999 0.8786625000000001 0.8253675921875001 0.8757781250000001
2 0.6295129625 0.7488484375 0.6139981484375 0.7368375 0.6075259265625 0.738359375 0.6219731484375 0.7501265625 0.6295129625 0.7488484375
2 0.7402981484375 0.744471875 0.8543240734375 0.7722625 0.99565555625 0.8000859374999999 0.9984768515625 0.7912421875 0.8737731484375001 0.7695515625 0.76775555625 0.7458265625 0.7391546296875 0.7410828125 0.7402981484375 0.744471875