12 0.2544074078125 0.8812125 0.2546296296875 0.8693421875 0.2519583328125 0.865384375 0.265090740625 0.8578671874999999 0.258190740625 0.8483703125 0.227475 0.8392687499999999 0.2058851859375 0.852721875 0.1974268515625 0.8515359374999999 0.1865203703125 0.8515359374999999 0.1684916671875 0.857075 0.1455666671875 0.8673624999999999 0.143340740625 0.8756734375 0.1529111109375 0.8827953125000001 0.19364351875000002 0.8732984374999999 0.1916398140625 0.8835859375 0.19698148124999998 0.8847734375 0.195646296875 0.9006015625 0.209446296875 0.9057453125 0.23504259218749998 0.89783125 0.2544074078125 0.8812125
2 0.17159444375 0.9712031250000001 0.307002778125 0.8881937499999999 0.2929953703125 0.8812765625000001 0.1575870375 0.9573671875 0.17159444375 0.9712031250000001
2 0.281322221875 0.7934249999999999 0.2754851859375 0.7982671875 0.211672221875 0.8238625 0.1307388890625 0.8515312500000001 0.132684259375 0.8639828125 0.2299601859375 0.8266296875 0.2887148140625 0.8010343750000001 0.291827778125 0.7934249999999999 0.28054351875 0.781665625 0.2731509265625 0.7823578125 0.281322221875 0.7934249999999999
2 0.3190648140625 0.7526125 0.2529175921875 0.7685234375000001 0.2649796296875 0.7733656250000001 0.3245120375 0.7588390625 0.3190648140625 0.7526125
2 0.32069444375 0.7827515625 0.2991398140625 0.7935 0.3075518515625 0.7972390625 0.3233231484375 0.78929375 0.32069444375 0.7827515625
2 0.683678703125 0.970853125 0.6571416671875 0.8820859375 0.6459685187499999 0.8851906250000001 0.665522221875 0.972715625 0.683678703125 0.970853125
2 0.6031453703125 0.8343421875000001 0.6018583328125 0.8330343750000001 0.6423009265624999 0.8830359375000001 0.6566398140625 0.88205625 0.6143583328125 0.8327078125 0.6031453703125 0.8343421875000001
2 0.6132555562500001 0.8317265624999999 0.6152777781250001 0.7990468749999999 0.6071888890625 0.8019875000000001 0.602777778125 0.83466875 0.6132555562500001 0.8317265624999999
2 0.609027778125 0.7961046875 0.603696296875 0.7774765625 0.602777778125 0.756234375 0.6071888890625 0.7382593749999999 0.618402778125 0.727475 0.6242851859375 0.7232265625000001 0.6207925921874999 0.72191875 0.612152778125 0.72845625 0.6049833328124999 0.7340109375 0.59946851875 0.743815625 0.5965268515625 0.763096875 0.5998361109375 0.7970859375 0.609027778125 0.7961046875
2 0.6919351859375 0.722246875 0.692302778125 0.7179984375 0.6860518515625 0.7170171875 0.68641944375 0.7179984375 0.68641944375 0.7251875 0.7002074078125 0.7372796875 0.7220824078125 0.7536203125000001 0.7239212968750001 0.7441421874999999 0.6976333328125001 0.728128125 0.6919351859375 0.722246875
2 0.908853703125 0.8264984375 0.8169388890624999 0.800353125 0.8165712968750001 0.8055828125 0.9066481484375 0.8330343750000001 0.908853703125 0.8264984375
2 0.9810990734375 0.8693093749999999 0.9871648140625 0.8627734374999999 0.9121629625000001 0.830746875 0.9051768515624999 0.8379359375 0.9810990734375 0.8693093749999999
2 0.8783379625000001 0.7856468750000001 0.8823824078125 0.78041875 0.841572221875 0.7644046875 0.836240740625 0.768 0.8783379625000001 0.7856468750000001
2 0.9570175921875 0.800353125 0.9594064812499999 0.7947984375 0.884772221875 0.7807453125 0.8810953703125 0.78499375 0.9570175921875 0.800353125
2 0.9994814812499999 0.8147328125 1 0.80754375 0.962715740625 0.7961046875 0.9597749999999999 0.7990468749999999 0.9994814812499999 0.8147328125