12 0.22311851875 0.8434890625 0.233702778125 0.8464750000000001 0.2468074078125 0.8458781249999999 0.2668009265625 0.8384109375 0.26377685156249997 0.8440859375 0.267640740625 0.8491640625000001 0.270497221875 0.8575265625 0.2822583328125 0.8608125 0.3072916671875 0.8524499999999999 0.3133398140625 0.8461765625 0.3136759265625 0.8399046875 0.3086361109375 0.8321390624999999 0.3167 0.8297484374999999 0.32006018593749996 0.82526875 0.283265740625 0.814515625 0.2689851859375 0.826165625 0.25285648125 0.8246718749999999 0.2373990734375 0.8285546874999999 0.2256388890625 0.835125 0.22311851875 0.8434890625
2 0.188697221875 0.977928125 0.26198518593750003 0.90604375 0.24850740781249997 0.9005531250000001 0.1659518515625 0.9774296874999999 0.188697221875 0.977928125
2 0.2659166671875 0.90255 0.32291851875 0.8706015624999999 0.3217953703125 0.8586203125 0.2560888890625 0.8960609375 0.2659166671875 0.90255
2 0.258615740625 0.8077015624999999 0.17943055624999998 0.8326625 0.0921018515625 0.86710625 0.0985601859375 0.8835796874999999 0.25917685156250003 0.8166874999999999 0.32797314843750003 0.78923125 0.32628796250000003 0.7787484375 0.317022221875 0.780246875 0.3175833328125 0.7862359375 0.258615740625 0.8077015624999999
2 0.32713055625 0.7537890625 0.28950370312499996 0.762275 0.29877037031250003 0.764771875 0.3299388890625 0.7557859375 0.32713055625 0.7537890625
2 0.6070870375 0.8096984375 0.6121416671875 0.7857375 0.604278703125 0.7857375 0.5961361109375 0.8116953125 0.6070870375 0.8096984375
2 0.6264620375 0.846140625 0.6382555562500001 0.84414375 0.60680648125 0.8101984375000001 0.5978203703125 0.810696875 0.6264620375 0.846140625
2 0.651734259375 0.9135328125 0.6371324078125 0.8421468750000001 0.6270240734375 0.846140625 0.636009259375 0.9170265625 0.651734259375 0.9135328125
2 0.6739175921875 0.9709406250000001 0.6935731484375001 0.9724375000000001 0.6531379625 0.9180249999999999 0.639378703125 0.919521875 0.6739175921875 0.9709406250000001
2 0.6028749999999999 0.7632734375 0.60624444375 0.7438046875000001 0.6169148140625 0.732821875 0.6273046296875 0.7238374999999999 0.6194425921875 0.7248359375 0.6076490734375 0.733321875 0.601471296875 0.7443046875 0.5964166671875 0.764771875 0.5981018515625001 0.7832421875 0.6059638890625 0.7847390625 0.6028749999999999 0.7632734375
2 0.78230555625 0.791728125 0.7882018515625 0.7867359375 0.76236851875 0.7707609375 0.7575953703125 0.7727578125 0.78230555625 0.791728125
2 0.8443620375 0.811196875 0.84829351875 0.8062046875 0.7884833328124999 0.787734375 0.7837092593749999 0.7912281250000001 0.8443620375 0.811196875
2 0.8480120375 0.8116953125 0.8494166671875 0.8131937499999999 0.9106305562499999 0.845640625 0.9142805562499999 0.8411484375 0.8513824078125 0.8082015625000001 0.8480120375 0.8116953125
2 0.9931851859374999 0.8706015624999999 0.9968361109374999 0.861115625 0.9187740734375 0.8431453125000001 0.916246296875 0.8486359374999999 0.9931851859374999 0.8706015624999999
2 0.8137546296875 0.764271875 0.8143166671875001 0.7657703125 0.8440814812499999 0.7792484375 0.8480120375 0.7727578125 0.8179666671874999 0.7597796875 0.8137546296875 0.764271875
2 0.9055759265625 0.7927265625000001 0.914 0.7872343749999999 0.849977778125 0.7727578125 0.846047221875 0.77825 0.9055759265625 0.7927265625000001
2 0.9732490734375 0.8146906250000001 0.9791453703125 0.8077015624999999 0.91736944375 0.7872343749999999 0.9089453703125001 0.791728125 0.9732490734375 0.8146906250000001
2 0.8140361109375001 0.7577828125 0.76658055625 0.7388125 0.7651768515625 0.7443046875 0.8137546296875 0.7662687499999999 0.8140361109375001 0.7577828125