12 0.1838120375 0.9244843749999999 0.2115759265625 0.9161984375 0.2223166671875 0.9064703125 0.2249509265625 0.8956625 0.22089814843750002 0.8866546874999999 0.24136666718750002 0.8715234374999999 0.2006324078125 0.8556703125 0.17550277812499998 0.8693609375 0.1678018515625 0.8679203125000001 0.15199444374999999 0.8675609375000001 0.1297018515625 0.873325 0.1078148140625 0.885934375 0.107003703125 0.896021875 0.11896111093749999 0.9003453125 0.13679444375 0.8999859375 0.16395092656250002 0.8877359374999999 0.158884259375 0.8989046875 0.16192407343749998 0.9071906249999999 0.15868148124999998 0.918359375 0.1665851859375 0.926646875 0.1838120375 0.9244843749999999
2 0.25945555625 0.7855265625000001 0.25706944374999996 0.7891640625 0.2649111109375 0.7952250000000001 0.2638879625 0.8061343750000001 0.2543416671875 0.8109828125 0.21206481406250002 0.8255296875000001 0.0906898140625 0.8679578125 0.09034907343750001 0.879475 0.1643333328125 0.8546234374999999 0.24240833281250002 0.8261359374999999 0.267297221875 0.8170453125 0.273434259375 0.8061343750000001 0.27138888906249997 0.79583125 0.25945555625 0.7855265625000001
2 0.3187796296875 0.7552203125 0.23524907343749998 0.7746171875 0.24581759218750002 0.778859375 0.32014259218749996 0.7618875 0.3187796296875 0.7552203125
2 0.1326259265625 0.9825140625 0.1350120375 0.9837265625 0.16671944375 0.9782718750000001 0.27957129687500004 0.90978125 0.2686611109375 0.9025078125 0.1326259265625 0.9825140625
2 0.27365648125 0.8998671874999999 0.28536666718750003 0.90493125 0.3126425921875 0.87523125 0.3085509265625 0.8661406250000001 0.27365648125 0.8998671874999999
2 0.3129833328125 0.7891640625 0.28366203749999996 0.8012859375 0.2921861109375 0.8061343750000001 0.31980185156249996 0.7915875 0.3129833328125 0.7891640625
2 0.67199351875 0.975846875 0.6887 0.974028125 0.668584259375 0.90614375 0.655628703125 0.9079625 0.6549462968750001 0.9079625 0.67199351875 0.975846875
2 0.6525601859375 0.9055375 0.669265740625 0.9025078125 0.617784259375 0.8455328124999999 0.60755555625 0.8485625000000001 0.6525601859375 0.9055375
2 0.6157379625 0.8467437500000001 0.618125 0.806740625 0.6096018515625 0.809165625 0.6072148140625 0.8473499999999999 0.6157379625 0.8467437500000001
2 0.60516944375 0.7879515625 0.6021009265624999 0.7685546875 0.6027824078124999 0.752190625 0.60755555625 0.7394624999999999 0.618125 0.7285515625000001 0.612328703125 0.7267328125 0.6000546296875 0.7370375 0.5959638890625001 0.753403125 0.5959638890625001 0.7752234375 0.6007370375 0.807346875 0.61130648125 0.807953125 0.60516944375 0.7879515625
2 0.69313148125 0.723703125 0.685972221875 0.723703125 0.6938138890625 0.73400625 0.7204074078125 0.754009375 0.7456370375 0.7691609374999999 0.745977778125 0.7582515625 0.7009731484375 0.7291578125 0.69313148125 0.723703125
2 0.8888314812500001 0.7891640625 0.8970138890625 0.7861328125 0.8615564812500001 0.7703734375 0.8598518515625001 0.775828125 0.8601925921875001 0.7770406249999999 0.8888314812500001 0.7891640625
2 0.9754305562500001 0.804921875 0.9819083328125 0.7994671875 0.8997416671874999 0.7861328125 0.895309259375 0.78976875 0.9754305562500001 0.804921875
2 0.921902778125 0.8449265625000001 0.93213055625 0.8352281250000001 0.8588287031249999 0.8140140625000001 0.8564425921875 0.8237125000000001 0.921902778125 0.8449265625000001
2 0.9941824078125 0.8758374999999999 0.999977778125 0.8667468749999999 0.938609259375 0.8412890624999999 0.9311083328124999 0.84795625 0.9941824078125 0.8758374999999999