12 0.088027778125 0.96200625 0.0965861109375 0.9659187499999999 0.12592962968750002 0.96200625 0.15453796250000001 0.9476609375 0.1677425921875 0.9341859375 0.16725370312500001 0.9154921874999999 0.1931731484375 0.8989734374999999 0.1508703703125 0.8781078125 0.1163925921875 0.8937578125 0.1061231484375 0.8933234375 0.0667546296875 0.8946265625 0.039124073437500004 0.9094078124999999 0.0374120375 0.924621875 0.0452370375 0.93288125 0.0628425921875 0.9311421875000001 0.0985425921875 0.9185359375000001 0.0877833328125 0.9480953124999999 0.088027778125 0.96200625
2 0.23249722187500002 0.8129671875 0.22296296249999997 0.8207906250000001 0.16868888906249999 0.8396968749999999 0.0352046296875 0.8814203125000001 0.043272221875 0.894459375 0.13458425937500001 0.8670781249999999 0.22662962968749997 0.8299171875000001 0.2467990734375 0.816878125 0.23689814843749998 0.7953640625 0.22699629687499998 0.799928125 0.23249722187500002 0.8129671875
2 0.1866583328125 0.9792109375000001 0.23213055625 0.951178125 0.2148953703125 0.9446578125 0.15365370312499999 0.980515625 0.1866583328125 0.9792109375000001
2 0.23506481406250002 0.9446578125 0.3073074078125 0.8709890625 0.29960648125 0.863165625 0.2211296296875 0.9381390625 0.23506481406250002 0.9446578125
2 0.2611009265625 0.8181828124999999 0.3025398140625 0.8044921875 0.288971296875 0.7940609375000001 0.2581675921875 0.8090546875 0.2611009265625 0.8181828124999999
2 0.3128083328125 0.7562484375 0.210127778125 0.7784140625 0.2185620375 0.7855859374999999 0.317575 0.7627671874999999 0.3128083328125 0.7562484375
2 0.6743888890624999 0.95248125 0.6908916671875 0.94791875 0.6248824078124999 0.8677296875 0.6120472218749999 0.8696859375000001 0.6743888890624999 0.95248125
2 0.6281833328124999 0.8690328125000001 0.6230490734374999 0.8207906250000001 0.6142481484375 0.8214421875 0.6142481484375 0.8703375 0.6281833328124999 0.8690328125000001
2 0.6017796296875 0.7575515625 0.605447221875 0.7425578125000001 0.5984796296875 0.743209375 0.5959120375 0.75885625 0.597378703125 0.7849328125 0.6050796296875001 0.816878125 0.6168148140625 0.8181828124999999 0.605447221875 0.781021875 0.6017796296875 0.7575515625
2 0.7007925921875 0.730821875 0.6952916671875 0.7340828125 0.7319638890625 0.7608125 0.792471296875 0.797971875 0.8056731484374999 0.7901484375 0.7418648140624999 0.7569 0.7007925921875 0.730821875
2 0.8097074078125001 0.753640625 0.7367305562500001 0.7288671875 0.7341638890625 0.7321265625 0.8093407406249999 0.76341875 0.8097074078125001 0.753640625