12 0.2494731484375 0.8902578125 0.263659259375 0.881971875 0.2713601859375 0.87224375 0.26629351875 0.8617953125 0.2818981484375 0.8509874999999999 0.243596296875 0.8383765625 0.2204925921875 0.8509874999999999 0.2095490734375 0.8491859375 0.194552778125 0.851346875 0.1663833328125 0.8589140625 0.16131666718749998 0.8700828125 0.1696259265625 0.875846875 0.19576851875 0.875846875 0.213197221875 0.8668390625000001 0.2103601859375 0.8787296874999999 0.21481851875000002 0.892059375 0.2219111109375 0.8967437500000001 0.235084259375 0.8956625 0.2494731484375 0.8902578125
2 0.349225 0.8319328125000001 0.23447962968749997 0.9170765624999999 0.12671851875 0.9853687499999999 0.1840916671875 0.981821875 0.3342583328125 0.8620875 0.4200675921875 0.7920203124999999 0.4036046296875 0.790246875 0.349225 0.8319328125000001
2 0.27369351875 0.769246875 0.26566018593749996 0.7731874999999999 0.2950240734375 0.7845140625 0.294747221875 0.793378125 0.2731398140625 0.8042125 0.0606666671875 0.878084375 0.004709259375 0.8992609375 0.0105268515625 0.9160046875000001 0.07479444375 0.8894109374999999 0.1662101859375 0.8549374999999999 0.2241074078125 0.8342546875 0.304165740625 0.798303125 0.305827778125 0.7859921875 0.27369351875 0.769246875
2 0.3349148140625 0.7431453125 0.2626129625 0.767278125 0.27480185156250003 0.7712171875 0.34931944375 0.7480703125 0.3349148140625 0.7431453125
2 0.33519166718750004 0.7746640625000001 0.30970555625 0.78746875 0.31829351875 0.793378125 0.3451638890625 0.7795890625 0.33519166718750004 0.7746640625000001
2 0.3811759265625 0.761859375 0.3759129625 0.7589046875000001 0.35264351875 0.7682625 0.36123148125000004 0.7702328125 0.3592916671875 0.7712171875 0.3811759265625 0.761859375
2 0.4027833328125 0.7461015625 0.38754814843749996 0.7544734375 0.3950268515625 0.7579203125 0.41053981406249995 0.7480703125 0.4027833328125 0.7461015625
2 0.4307620375 0.770725 0.4155268515625 0.78254375 0.429377778125 0.7859921875 0.4421203703125 0.7731874999999999 0.4307620375 0.770725
2 0.4509851859375 0.757428125 0.44045833281249996 0.7667843750000001 0.4507074078125 0.7677703124999999 0.4631731484375 0.7569359375 0.4509851859375 0.757428125
2 0.467328703125 0.74659375 0.4601259265625 0.7520109374999999 0.46899074062499996 0.754965625 0.47785555625000004 0.7470859375 0.467328703125 0.74659375
2 0.5292861109375 0.7175374999999999 0.520422221875 0.7131046875 0.47194351875 0.7431453125 0.48191666718750004 0.7436390625 0.48201111093750004 0.7436390625 0.5292861109375 0.7175374999999999
2 0.6867268515625 0.9711624999999999 0.709996296875 0.9741171874999999 0.6565314812499999 0.8702046875 0.6432351859375001 0.8682343749999999 0.6867268515625 0.9711624999999999
2 0.6183037031249999 0.8120921875 0.626890740625 0.8120921875 0.6111009265625 0.769246875 0.6027907406249999 0.771709375 0.6183037031249999 0.8120921875
2 0.60666851875 0.7529953125 0.603621296875 0.7352671875000001 0.5978037031250001 0.7337890625 0.5986351859375 0.7564421875 0.60666851875 0.7529953125
2 0.6673351859375 0.6988234375 0.673152778125 0.7116281250000001 0.6914361109375 0.72689375 0.6969768515625 0.7229546874999999 0.68229444375 0.7106421875 0.6725990734375 0.696853125 0.6673351859375 0.6988234375
2 0.851275 0.7879609375000001 0.745177778125 0.7431453125 0.7338194437500001 0.751025 0.7847740734374999 0.77515625 0.8609546296874999 0.8081531249999999 0.9991861109375 0.8578921875000001 1 0.8386859375 0.851275 0.7879609375000001
2 0.8595694437500001 0.762353125 0.8684333328125 0.75595 0.8011185187500001 0.7387140624999999 0.798071296875 0.7436390625 0.8595694437500001 0.762353125
2 0.766490740625 0.7303421875 0.7349111109375001 0.7145828125 0.7299249999999999 0.7229546874999999 0.764275 0.73428125 0.766490740625 0.7303421875