12 0.34208333281250003 0.8143203124999999 0.349027778125 0.8079015625 0.32 0.8009875 0.30569444375 0.8083953125000001 0.29680555625 0.8074078124999999 0.27930555625000003 0.8120984375000001 0.26930555625 0.81851875 0.27430555624999997 0.8254328125000001 0.27999999999999997 0.8256796874999999 0.2913888890625 0.8249375000000001 0.30416666718749996 0.8219749999999999 0.3104166671875 0.8286421875000001 0.3204166671875 0.8338265625 0.3383333328125 0.8301234375 0.3458333328125 0.8217281249999999 0.34208333281250003 0.8143203124999999
2 0.17439814843749998 0.9758296874999999 0.17396944375 0.978115625 0.33079907343750004 0.8554703124999999 0.44049444375 0.7792921875000001 0.428925 0.7701515624999999 0.2836648140625 0.8745140625 0.1101240734375 0.9895421875 0.17439814843749998 0.9758296874999999
2 0.32137222187500003 0.76481875 0.342797221875 0.7709125 0.3432259265625 0.77853125 0.20610648125000003 0.8227140625 0.0012851859375 0.8950828124999999 0.015425926562500001 0.91565 0.15897222187499999 0.85699375 0.29480555625 0.8029078125 0.3543666671875 0.780815625 0.35308148125 0.7709125 0.3230861109375 0.7572015624999999 0.32137222187500003 0.76481875
2 0.36185 0.7415390625 0.3075361109375 0.75763125 0.32111481406250003 0.760596875 0.375427778125 0.7440796875 0.36185 0.7415390625
2 0.3823361109375 0.765678125 0.3761425921875 0.7631375 0.35565648125 0.7703375 0.36185 0.7741484375 0.36232592656249996 0.7741484375 0.3823361109375 0.765678125
2 0.40163148125000003 0.7517031249999999 0.383527778125 0.7572078125 0.39257962968750004 0.76144375 0.40687222187499994 0.75424375 0.40163148125000003 0.7517031249999999
2 0.4490370375 0.75975 0.43855555625 0.7682187500000001 0.4478453703125 0.773725 0.45904166718750006 0.7631375 0.4490370375 0.75975
2 0.47428796249999994 0.7521265625 0.4619 0.7521265625 0.454753703125 0.7572078125 0.4657120375 0.7593265625 0.4661879625 0.75975 0.47428796249999994 0.7521265625
2 0.479528703125 0.7440796875 0.47142870312499996 0.7491625 0.47833703749999995 0.7504328124999999 0.48643611093750005 0.7440796875 0.479528703125 0.7440796875
2 0.5243129625 0.7195171874999999 0.481672221875 0.7415390625 0.4900101859375 0.7432328125 0.5286009265625 0.7207874999999999 0.5243129625 0.7195171874999999
2 0.5955388890625 0.75085625 0.5950629625 0.7326453125 0.5905370375000001 0.7356109375 0.5881546296875 0.7504328124999999 0.5955388890625 0.75085625
2 0.5943481484375 0.788546875 0.6031620375 0.7877 0.5964925921875001 0.76144375 0.589822221875 0.7618671875 0.5943481484375 0.788546875
2 0.6334157406250001 0.8935734375 0.6460407406249999 0.890609375 0.6138824078125 0.8177687499999999 0.6045916671875 0.8198859374999999 0.6334157406250001 0.8935734375
2 0.65938148125 0.7106234375 0.6684333328125 0.7246 0.6736740734375 0.7203640625000001 0.6658129625 0.7038484375 0.6610490734375001 0.7000359375 0.65938148125 0.7106234375
2 0.9953759265625 0.853765625 0.9694740734374999 0.8482593749999999 0.898759259375 0.8211562499999999 0.7904 0.7805 0.736325 0.7572078125 0.6953518515625 0.7347625 0.687490740625 0.7389984375 0.7502518515625 0.7716078125 0.8676925921875001 0.8262375000000001 0.9486861109375001 0.8558828125 0.9891824078125 0.8673171875 0.9953759265625 0.853765625
2 0.709097221875 0.7174 0.7024268515625 0.7161296875 0.6990916671875 0.719940625 0.7191018515625001 0.7301046875 0.7667453703125 0.744503125 0.8041453703125001 0.76144375 0.80795648125 0.7563609375 0.759122221875 0.7364578125000001 0.709097221875 0.7174