12 0.31005648125 0.8387640624999999 0.3173879625 0.8355062500000001 0.3202898140625 0.8311609375 0.287909259375 0.8211140625000001 0.2679009265625 0.8308890625 0.25843148125000004 0.8276312499999999 0.2329240734375 0.83441875 0.22467592656250002 0.8436515625000001 0.2307861109375 0.8520687499999999 0.247434259375 0.8515265624999999 0.2639296296875 0.844465625 0.27034444375 0.8580421875 0.279203703125 0.8640171875 0.2984481484375 0.8607578124999999 0.3155546296875 0.8455515625000001 0.31005648125 0.8387640624999999
2 0.1905611109375 0.9737859375 0.3075953703125 0.8863843749999999 0.4328953703125 0.7850609375000001 0.4172333328125 0.782740625 0.28671203749999996 0.8763296875 0.13313148125000002 0.9830671875 0.1905611109375 0.9737859375
2 0.299328703125 0.7734593750000001 0.32282314843750004 0.782740625 0.316296296875 0.7904765625 0.1962166671875 0.8353359375 0.006525926562500001 0.902628125 0.010876851562500001 0.9204171875 0.11181296249999999 0.8832906250000001 0.27191944375 0.817546875 0.3363101859375 0.7897031250000001 0.331959259375 0.7804203125 0.300634259375 0.7672718749999999 0.299328703125 0.7734593750000001
2 0.3584898140625 0.745615625 0.29178981406250004 0.7643375 0.2990166671875 0.7691109375 0.36675 0.7470828125 0.3584898140625 0.745615625
2 0.35518611093749997 0.772046875 0.3322638890625 0.783428125 0.34589351874999996 0.7841625 0.37129351875 0.7746171875 0.35518611093749997 0.772046875
2 0.389465740625 0.759565625 0.369434259375 0.768009375 0.37893425937499997 0.7716796875 0.39751944375 0.761034375 0.389465740625 0.759565625
2 0.4751333328125 0.7239546875 0.4009990734375 0.7522234375 0.40701851875 0.7599328125 0.48112222187500003 0.727259375 0.4751333328125 0.7239546875
2 0.43878888906249996 0.76874375 0.4280509265625 0.7790234375 0.43878888906249996 0.7830609374999999 0.45200555624999994 0.7713140625 0.43878888906249996 0.76874375
2 0.455102778125 0.7569953125 0.4468425921875 0.7669078125000001 0.45881944375000006 0.7676421875 0.4676990734375 0.7584640625 0.455102778125 0.7569953125
2 0.48070925937500003 0.7500203125 0.47265555625 0.74891875 0.4643953703125 0.7551593750000001 0.47389444375 0.7555265624999999 0.47348148125 0.7551593750000001 0.48070925937500003 0.7500203125
2 0.51681851875 0.7224859375 0.47634444374999996 0.7467171875 0.48628425937499997 0.7470828125 0.5226009265625 0.7254234375 0.51681851875 0.7224859375
2 0.60154444375 0.7547937499999999 0.598653703125 0.738640625 0.5924583328125 0.738640625 0.593490740625 0.7544265625000001 0.60154444375 0.7547937499999999
2 0.6151740734375 0.7999484375 0.6021638890625 0.7669078125000001 0.5972083328125 0.76874375 0.603609259375 0.8039875000000001 0.6151740734375 0.7999484375
2 0.6651472218750001 0.9545046875000001 0.6841462968750001 0.9523015625 0.6304546296875 0.8421671875 0.6211620375 0.8469390625000001 0.6651472218750001 0.9545046875000001
2 0.6744398140625 0.714409375 0.669071296875 0.7056 0.6686583328125 0.700459375 0.6727879625 0.687978125 0.6688648140625 0.687978125 0.6651472218750001 0.694953125 0.6634953703125 0.7078015625 0.66700648125 0.7158781249999999 0.6818740734375 0.7305625 0.68745 0.727259375 0.6744398140625 0.714409375
2 0.9028333328124999 0.817203125 0.806602778125 0.7808578125000001 0.7258592593750001 0.7478171875 0.7186324078124999 0.748184375 0.7342490734375 0.7621359375 0.8643287031250001 0.820140625 0.9948388890625001 0.8663968750000001 0.9989685187499999 0.8528140625 0.9028333328124999 0.817203125
2 0.7163601859375001 0.7184484375 0.7136759265625 0.7246890625 0.735978703125 0.7338671875 0.7964833328125 0.7529578124999999 0.8299370375 0.761034375 0.8309694437499999 0.7555265624999999 0.7781046296875 0.7415765624999999 0.7163601859375001 0.7184484375