12 0.1846148140625 0.9337500000000001 0.18070185156250002 0.923753125 0.208577778125 0.9059296874999999 0.1696990734375 0.88028125 0.1266629625 0.8950625000000001 0.093896296875 0.8968 0.055750926562500004 0.9085375000000001 0.047681481250000005 0.9311421875000001 0.066021296875 0.9372281250000001 0.10318888906250001 0.9311421875000001 0.10123240781250001 0.965484375 0.11663703750000001 0.9750484374999999 0.1445129625 0.9689625 0.17581203750000002 0.952878125 0.1846148140625 0.9337500000000001
2 0.26070648125 0.9086812500000001 0.16407222187499998 0.9773984375 0.21095000000000003 0.9766671875 0.3149861109375 0.8933296875 0.4005175921875 0.8173015625 0.38448055625 0.8107218749999999 0.26070648125 0.9086812500000001
2 0.4055740734375 0.8107218749999999 0.4318916671875 0.7895218749999999 0.4170879625 0.7836734375 0.392628703125 0.8027843750000001 0.4055740734375 0.8107218749999999
2 0.4408768515625 0.7812125 0.45474444375 0.7704265625 0.44289907343749996 0.7673453125 0.4287425921875 0.77813125 0.4408768515625 0.7812125
2 0.45112870312500003 0.762225 0.4515509265625 0.762225 0.4604166671875 0.7644765625 0.470972221875 0.7562203125 0.46189444375 0.7554703125 0.45112870312500003 0.762225
2 0.46892685156249997 0.7500234375 0.4764611109375 0.7528421875 0.5216370375 0.7243203125 0.5144592593749999 0.718315625 0.46892685156249997 0.7500234375
2 0.4783611109375 0.717565625 0.4361398140625 0.7333265625000001 0.43803981406250003 0.73933125 0.483427778125 0.7198171875 0.4783611109375 0.717565625
2 0.32045555625 0.7558453125 0.32214444375 0.7558453125 0.3592981484375 0.757346875 0.40194166718749996 0.7554703125 0.40743055625 0.7487140625 0.3966638890625 0.749465625 0.3248888890625 0.750965625 0.32045555625 0.7558453125
2 0.3324879625 0.7869937499999999 0.36584259218750004 0.7719828125 0.358453703125 0.7674796875000001 0.32678888906250003 0.7794890624999999 0.3324879625 0.7869937499999999
2 0.374709259375 0.767103125 0.3943416671875 0.757346875 0.38864166718750004 0.7554703125 0.3711203703125 0.7633515625 0.374709259375 0.767103125
2 0.3058888890625 0.7528421875 0.2199703703125 0.782490625 0.2307361109375 0.78586875 0.32277777812499997 0.7535937500000001 0.3058888890625 0.7528421875
2 0.26276388906250003 0.80238125 0.251152778125 0.7922484375 0.224553703125 0.7794890624999999 0.21969814843750002 0.7843671875 0.23616481406249998 0.7911234375 0.25453055625 0.80238125 0.25453055625 0.8106375 0.2253981484375 0.8241484375000001 0.11773518593750001 0.8680578125 0.01999444375 0.9007093749999999 0.0044333328125 0.9082156250000001 0.0095 0.9198484375 0.0724083328125 0.89620625 0.1750046296875 0.8616781250000001 0.23664722187499998 0.8320296875000001 0.2612861109375 0.8177687499999999 0.2642416671875 0.8098875 0.26276388906250003 0.80238125
2 0.6385888890625 0.837659375 0.648721296875 0.8346562499999999 0.6261333328124999 0.7866187499999999 0.6191666671875 0.7877453125 0.6385888890625 0.837659375
2 0.607978703125 0.7633515625 0.6160009265624999 0.762975 0.6092453703125 0.7412078125 0.6043898140625 0.742709375 0.607978703125 0.7633515625
2 0.609034259375 0.730325 0.6081898140625001 0.7213171875 0.6046009265625 0.7205671875 0.6043898140625 0.7307 0.609034259375 0.730325
2 0.710152778125 0.726571875 0.6932648140625 0.7145625 0.6814425921875 0.7014265625 0.6765870375 0.6927953125 0.6763759265625 0.6796593750000001 0.6719425921875 0.6762828125 0.6715203703125 0.6819124999999999 0.6704648140625 0.69091875 0.6719425921875 0.6999265625 0.6784870375 0.7093078125 0.7027638890625 0.7291984375 0.710152778125 0.726571875
2 0.7150083328125 0.7374562499999999 0.72113055625 0.7310749999999999 0.7156416671875 0.7261968750000001 0.7069861109375 0.72995 0.7150083328125 0.7374562499999999
2 0.6928425921875 0.6920453125 0.702552778125 0.702553125 0.717752778125 0.710434375 0.7188083328125 0.70668125 0.70403055625 0.695046875 0.6955870375 0.687165625 0.6928425921875 0.6920453125
2 0.91745648125 0.8076359375 0.8298481484375 0.773484375 0.7863611109375 0.7588468749999999 0.78045 0.767103125 0.81549351875 0.782115625 0.9043685187499999 0.8188953124999999 0.9883870375000001 0.845915625 1 0.8489187499999999 0.9999981484375 0.8324046875000001 0.91745648125 0.8076359375
2 0.7722175921875001 0.7333265625000001 0.7736953703125 0.7329515625 0.8053601859375 0.7445859375 0.9138675921875 0.76973125 0.9126009265624999 0.7644765625 0.79945 0.734453125 0.776227778125 0.7243203125 0.7722175921875001 0.7333265625000001