12 0.3637731484375 0.8037906250000001 0.3591111109375 0.800546875 0.364177778125 0.7933421875 0.33398148125 0.78901875 0.3226333328125 0.7944234375 0.314121296875 0.7944234375 0.29547685156250003 0.7994671875 0.293652778125 0.8063125 0.2968953703125 0.8142390625000001 0.31047314843749996 0.8149593749999999 0.3242546296875 0.807753125 0.3309416671875 0.8149593749999999 0.3388453703125 0.8192828125 0.35282870312500003 0.8182015625 0.36255648125 0.811715625 0.3637731484375 0.8037906250000001
2 0.43311944375 0.760996875 0.40471203750000007 0.7817515625 0.29302685156249997 0.8737625 0.1685 0.9733828125 0.2222018515625 0.9685406249999999 0.2868009265625 0.9069687500000001 0.415997221875 0.7893609374999999 0.44440462968750005 0.7658390625 0.43311944375 0.760996875
2 0.14631851875 0.86476875 0.20157777812500002 0.843321875 0.1922379625 0.8336375 0.0020370375 0.901434375 0.0101175921875 0.9249562499999999 0.14631851875 0.86476875
2 0.27910925937500003 0.8073484375 0.2798870375 0.8087312499999999 0.378340740625 0.763071875 0.3740601859375 0.752003125 0.36705555625 0.7547703125 0.3600509265625 0.7596125 0.27871944375 0.7948953125 0.27910925937500003 0.8073484375
2 0.3951879625 0.73575 0.353215740625 0.75358125 0.36664074062499996 0.7546781250000001 0.406915740625 0.7371218749999999 0.3951879625 0.73575
2 0.43577129687499994 0.7590671875 0.43469074062499996 0.7587937499999999 0.44441296250000006 0.7631828125 0.4547518515625 0.7541296875 0.4434870375 0.7519359375 0.43577129687499994 0.7590671875
2 0.4454925921875 0.7508375 0.4550601859375 0.7546781250000001 0.461540740625 0.7450765625 0.45382592656250004 0.74343125 0.4454925921875 0.7508375
2 0.4637018515625 0.7352015625 0.45752870312500005 0.7415109375 0.4649361109375 0.7428828125 0.4987296296875 0.713803125 0.49209444375 0.7102375000000001 0.4637018515625 0.7352015625
2 0.44796203749999997 0.7247765625 0.46092407343749997 0.716271875 0.4583009265625 0.7143515625 0.4096925921875 0.7393156249999999 0.415402778125 0.742334375 0.44796203749999997 0.7247765625
2 0.5641574078125 0.72313125 0.5602990734375 0.7143515625 0.5564416671875 0.7157234375 0.5596824078125 0.7236796875 0.5641574078125 0.72313125
2 0.5666259265625 0.7387671874999999 0.5724898140625 0.7390421875000001 0.5675518515625 0.725325 0.5621509265625 0.72779375 0.5666259265625 0.7387671874999999
2 0.5797425921875 0.766475 0.5865324078125 0.7656515625 0.5768111109375 0.746175 0.57125555625 0.7456265625 0.5797425921875 0.766475
2 0.6155425921875 0.8361546875 0.6257268515625001 0.8312156249999999 0.5996481484375 0.785403125 0.5916240734375 0.7889703124999999 0.6155425921875 0.8361546875
2 0.7839518515624999 0.7823703125 0.8488546296875 0.8086859375 0.9908990734374999 0.8532187499999999 0.9931768515625 0.8405671874999999 0.8269351859375 0.7879375 0.787652778125 0.7732609375 0.7839518515624999 0.7823703125
2 0.7939148140625 0.7540312499999999 0.9208731484375001 0.7823703125 0.99403055625 0.797046875 0.9897611109375 0.78895 0.8491388890625 0.760609375 0.7859444437499999 0.744921875 0.7939148140625 0.7540312499999999