4 0.7100416671875001 0.7630671875 0.75804444375 0.7545328125 0.7204416671875 0.7367546875000001 0.6356370375 0.7445765625 0.5728333328125 0.746709375 0.5225046296875 0.7466828125 0.41973055625000005 0.7422265625 0.3431370375 0.7323234375000001 0.2956175921875 0.7481328125 0.36842129687499997 0.76164375 0.45122592656249993 0.766621875 0.54323148125 0.7723109375 0.6492379625 0.7680453125 0.7100416671875001 0.7630671875
2 0.647775 0.796590625 0.6054870375 0.7764656249999999 0.6010018515625 0.7779843750000001 0.6379509265625 0.79886875 0.647775 0.796590625
2 0.6499111109375 0.8311421875 0.6469203703125 0.79583125 0.6375231484375 0.796590625 0.6353879625000001 0.8379765625 0.6499111109375 0.8311421875
2 0.7242351859375 0.8820203125000001 0.6469203703125 0.8345593750000001 0.6373101859375 0.8364578125 0.712915740625 0.8880953125 0.7242351859375 0.8820203125000001
2 0.7498638890625 0.9689687499999999 0.7235944437499999 0.8835390625 0.7133425921875001 0.8911328125000001 0.7310694437499999 0.9731453125 0.7498638890625 0.9689687499999999
2 0.8130824078125001 0.7730484375 0.7703675921875 0.7578609375 0.767590740625 0.7616578125 0.901502778125 0.8068421875 0.999534259375 0.8341796875 0.9988935187499999 0.8250671875 0.9017166671875 0.7977296875000001 0.8130824078125001 0.7730484375
2 0.3261296296875 0.8789828125 0.1994796296875 0.9435296875000001 0.2161388890625 0.9541609375 0.33894444375 0.8835390625 0.3261296296875 0.8789828125
2 0.3434296296875 0.881640625 0.35731203749999996 0.8235484375000001 0.3479148140625 0.8193718750000001 0.32826574062499997 0.8767046875 0.3434296296875 0.881640625
2 0.3577388890625 0.8235484375000001 0.41689999999999994 0.794690625 0.4066481484375 0.7935515625 0.349196296875 0.8193718750000001 0.3577388890625 0.8235484375000001
2 0.41668611093749996 0.7943109374999999 0.411347221875 0.77266875 0.40323055625000004 0.7787437500000001 0.406434259375 0.7920328125 0.41668611093749996 0.7943109374999999
2 0.3607296296875 0.72103125 0.36286481406250004 0.7267265625 0.354322221875 0.7335609375 0.360515740625 0.7358390625 0.3694861109375 0.729384375 0.367990740625 0.72255 0.3607296296875 0.72103125