7 0.4436574078125 0.7028796875000001 0.44555462968750004 0.6995046874999999 0.45251388906249995 0.7010046875 0.4331138890625 0.7456140625 0.4605259265625 0.7467390625 0.46790648125 0.69725625 0.448296296875 0.6912578125 0.448928703125 0.6871343750000001 0.42805370312499996 0.69463125 0.4436574078125 0.7028796875000001
9 0.606022221875 0.7171234375 0.6384953703125 0.7283703125 0.631747221875 0.7193734375 0.6384953703125 0.7197484375000001 0.6635879625000001 0.7456140625 0.687415740625 0.742990625 0.642290740625 0.706628125 0.6494601859375 0.705878125 0.614878703125 0.689384375 0.615722221875 0.7013796875 0.606022221875 0.7171234375
8 0.7863925921875 0.69891875 0.851715740625 0.7251796875000001 0.8656120375 0.7218718749999999 0.795584259375 0.696778125 0.7999601859375 0.6954171875 0.757834259375 0.685690625 0.7788425921875 0.699890625 0.7863925921875 0.69891875
8 0.62299444375 0.6389781250000001 0.633525 0.6439453125 0.6433398140625 0.6433078125 0.62779444375 0.6374500000000001 0.629728703125 0.6366859375 0.6161166671875 0.634775 0.6185518515624999 0.6391046874999999 0.62299444375 0.6389781250000001
2 0.6019851859375 0.88530625 0.6239990734374999 0.88463125 0.5875620374999999 0.8043328125 0.5750361109375 0.8043328125 0.6019851859375 0.88530625
2 0.50265 0.6194609375 0.51170648125 0.64149375 0.5476953703125 0.7342859374999999 0.5584203703124999 0.7313203125000001 0.5229083328125 0.6554765625 0.5064629625 0.616071875 0.50265 0.6194609375
2 0.4182101859375 0.648696875 0.42130925937499997 0.6427640625000001 0.414397221875 0.6448828125 0.33533796250000003 0.7075921875 0.1897148140625 0.824959375 0.090090740625 0.90376875 0.118384259375 0.8999546875 0.16485925937499998 0.8630921875 0.33550833281250003 0.7190328125 0.4015268515625 0.6643734375 0.4182101859375 0.648696875
2 0.8174916671875 0.7474203125 0.808196296875 0.7516578125 0.8794583328125001 0.790215625 0.9802740734375 0.8402125 0.9907611109375001 0.8287718749999999 0.8901833328125001 0.7864015625 0.8174916671875 0.7474203125
2 0.8093879625 0.6758140625 0.8058129624999999 0.679628125 0.8746916671875 0.7003890625 0.9962425921875001 0.7334375 0.9981500000000001 0.7279296875 0.8756453703125 0.69488125 0.8093879625 0.6758140625
2 0.642552778125 0.6656453124999999 0.6423148140625 0.6664921875 0.7269240734375 0.7114046875 0.7350268515625 0.7092875000000001 0.647796296875 0.663103125 0.642552778125 0.6656453124999999
2 0.6275379625 0.6542046874999999 0.5882120375000001 0.6351375 0.5860675921875 0.639375 0.6199111109375 0.656746875 0.6275379625 0.6542046874999999