7 0.41859537031249994 0.7930390625 0.4258296296875 0.7758921875 0.43595648125 0.7810359375 0.40075277812500004 0.8864890624999999 0.4456018515625 0.8916328124999999 0.46248055624999995 0.769890625 0.4316166671875 0.7570296875 0.4349925921875 0.7467421875 0.3964120375 0.7630312499999999 0.41859537031249994 0.7930390625
9 0.7021601859375 0.8153296875 0.7716046296875 0.844478125 0.7484564812500001 0.8187578125 0.7590666671874999 0.8187578125 0.84153148125 0.8942046875 0.87721851875 0.8813437499999999 0.7474925921875 0.78275 0.7609953703125 0.7810359375 0.6847990734375 0.7415984375 0.7055361109375 0.7801781250000001 0.7021601859375 0.8153296875
8 0.9284379625 0.7464062499999999 0.9994425921874999 0.7710140625 0.99924351875 0.7621625 0.9384962968749999 0.7426875 0.94496851875 0.7403859374999999 0.8731675921875001 0.723921875 0.920471296875 0.7476453125 0.9284379625 0.7464062499999999
8 0.6528601859375 0.6466890624999999 0.6693416671875 0.654925 0.6794879625 0.6533609375 0.6583731484374999 0.645540625 0.6598398140625 0.6441859375 0.643827778125 0.6404328125000001 0.6476398140625 0.6479390625 0.6528601859375 0.6466890624999999
2 0.5284046296875 0.6712671875 0.6141703703125 0.8767171875 0.6316148140625 0.8741328125000001 0.510597221875 0.6176437499999999 0.5069629625000001 0.6208734375 0.5284046296875 0.6712671875
2 0.40666111093749996 0.6609296875 0.40847777812499997 0.6493 0.4015731484375 0.6512390625 0.393577778125 0.66480625 0.28019259218750003 0.75719375 0.1050268515625 0.90320625 0.10284629687499999 0.9044984375 0.1359166671875 0.8967453125 0.2936388890625 0.7610703125 0.3928509265625 0.677728125 0.40666111093749996 0.6609296875
2 0.698846296875 0.6912953125 0.698846296875 0.691940625 0.7500879625 0.7190765625 0.7628074078125 0.7171375 0.706477778125 0.6893578125000001 0.698846296875 0.6912953125
2 0.7806148140625 0.7294140625 0.778434259375 0.7319984374999999 0.8703777781250001 0.782390625 0.8845509265624999 0.77786875 0.7882462968749999 0.7294140625 0.7806148140625 0.7294140625
2 0.9993898140624999 0.7319984374999999 1 0.7235984375 0.9274342593749999 0.7048625000000001 0.9219824078125001 0.7061546875 0.9993898140624999 0.7319984374999999
2 0.6893509265625 0.6415953125 0.686734259375 0.646246875 0.7317379625 0.658340625 0.8911675921875 0.701134375 0.9012842593749999 0.698034375 0.7542398140625 0.6592718750000001 0.6893509265625 0.6415953125
2 0.6015731484375 0.642778125 0.661965740625 0.67415625 0.665802778125 0.670125 0.604402778125 0.6388046875 0.6015731484375 0.642778125