6 0.7004129625 0.7193421875 0.4829861109375 0.7311 0.4846398140625 0.8104640625 0.7822583328125 0.7898890625 0.7004129625 0.7193421875
2 0.444152778125 0.6108828125 0.4400333328125 0.6108828125 0.4371490734375 0.6226015625 0.4219046296875 0.6555625 0.34650555625 0.76763125 0.26163055625 0.8782343750000001 0.2851148140625 0.8840953125000001 0.3691666671875 0.759575 0.43632499999999996 0.646040625 0.44209351874999997 0.62186875 0.444152778125 0.6108828125
2 0.7269768515624999 0.6893125 0.7272351859375 0.6943578125000001 0.7961148140625001 0.7278374999999999 0.9235546296875 0.788834375 1 0.8168109375 0.9981101859375 0.801675 0.842034259375 0.7411375 0.7269768515624999 0.6893125
2 0.770575 0.6975671875 0.7300731484375 0.6787640625 0.729040740625 0.6865609375 0.773671296875 0.70628125 0.885890740625 0.7530609375 0.9689592593749999 0.786540625 0.9999157406249999 0.796171875 0.99553055625 0.787 0.770575 0.6975671875
2 0.95554444375 0.7223328125 0.9594138890625 0.7186640625 0.9238129624999999 0.7071984375 0.9204592593750001 0.7117859375 0.95554444375 0.7223328125
2 0.8410027781249999 0.6893125 0.8670583328125 0.69665 0.8714435187499999 0.69298125 0.8459046296875 0.68564375 0.8410027781249999 0.6893125
3 0.5476833328125 0.6480359375 0.5747712968750001 0.6466609375 0.57425555625 0.63978125 0.4308203703125 0.6370296875 0.43236851875 0.6457437500000001 0.5476833328125 0.6480359375
3 0.44113981406249997 0.6292328125 0.44113981406249997 0.62785625 0.44139722187499997 0.626021875 0.512340740625 0.63015 0.57631944375 0.63015 0.5760611109375 0.624646875 0.496346296875 0.622353125 0.440365740625 0.6196015625 0.44113981406249997 0.6292328125
3 0.5569703703125 0.6136390625 0.44217129687499995 0.6108875 0.4442351859375 0.6173078125 0.5660000000000001 0.6186843750000001 0.5569703703125 0.6136390625
2 0.5549074078125 0.670509375 0.5461361109375 0.658584375 0.5425240734375001 0.662253125 0.5484574078125 0.6714265625 0.5549074078125 0.670509375
2 0.5355583328125 0.655375 0.5432981484375 0.6544578125 0.5360750000000001 0.645284375 0.5293675921875 0.6462015625 0.5303990734374999 0.647578125 0.5355583328125 0.655375
2 0.5610981484375 0.6828921875 0.558002778125 0.6838093749999999 0.56780555625 0.6975671875 0.5768351859374999 0.6980265625000001 0.5672898140625 0.6828921875 0.5610981484375 0.6828921875
2 0.5995370375 0.74480625 0.6111453703125 0.7411375 0.593603703125 0.7186640625 0.5848324078125 0.7204984375000001 0.5995370375 0.74480625
2 0.66403055625 0.83653125 0.6792518515625 0.8342375000000001 0.6480361109375 0.790209375 0.6348796296875 0.7911265625 0.66403055625 0.83653125