6 0.5598435187499999 0.6286546875 0.47950370312499996 0.6275296875 0.47760648124999994 0.6402765625 0.5716518515625 0.6402765625 0.5598435187499999 0.6286546875
2 0.4540546296875 0.6065703124999999 0.4488148140625 0.6069296875 0.4306768515625 0.6406078125 0.3694111109375 0.7244453125 0.257559259375 0.8792234375 0.2740879625 0.882446875 0.34542777812500003 0.7746046875 0.423825 0.6642546874999999 0.4461953703125 0.6291421875000001 0.4540546296875 0.6065703124999999
2 0.6882361109375 0.8871046874999999 0.70718055625 0.8842390625000001 0.6610296296875 0.8226140624999999 0.6475268515625 0.8258390625 0.6882361109375 0.8871046874999999
2 0.6001666671875 0.76170625 0.61366944375 0.760990625 0.59553148125 0.7326859375 0.585252778125 0.7337609375 0.6001666671875 0.76170625
2 0.5648981484375 0.7072484375 0.5751759265625 0.7068890624999999 0.5636888890625 0.690409375 0.5574416671875 0.6918421875 0.5648981484375 0.7072484375
2 0.5386990734375 0.665328125 0.5382953703125 0.6649703125 0.5455509265625 0.6767937500000001 0.5530074078125 0.673928125 0.5471629625000001 0.6649703125 0.5386990734375 0.665328125
2 0.8121796296875001 0.730178125 0.7769111109375 0.7129796875000001 0.7738879625 0.7215796875 0.8105675921875 0.7394937500000001 0.9066990734375 0.7846359374999999 0.999202778125 0.8190312499999999 0.999202778125 0.8054171875 0.9069 0.7728140625 0.8121796296875001 0.730178125
2 0.9314870375 0.7663640625 0.8224574078125 0.7205046875 0.7779185187500001 0.7007984375 0.7785231484375 0.7079640625 0.8200398140624999 0.7265953125 0.8815074078125 0.75275 0.9609111109375 0.7857109375 0.9977916671875 0.7971765625 0.998396296875 0.7900109375000001 0.9314870375 0.7663640625
2 0.883321296875 0.70330625 0.8877546296875 0.699365625 0.85833055625 0.690409375 0.8540981484374999 0.6932750000000001 0.883321296875 0.70330625
2 0.9780416671875001 0.7316109375 0.9816694437500001 0.7265953125 0.9437805562499999 0.715846875 0.9403546296874999 0.7194296875 0.9780416671875001 0.7316109375
3 0.4514351859375 0.6072875 0.46413148125000003 0.6105125 0.5239870375 0.6115859375 0.5602629625 0.6126609375000001 0.5526046296875 0.6076453125 0.45002407343749995 0.6051375 0.4514351859375 0.6072875
2 0.5977481484375 0.627709375 0.5626814812500001 0.6115859375 0.5608675921875 0.6130203125 0.594322221875 0.6323671875 0.5977481484375 0.627709375