6 0.5870296296874999 0.6451609375 0.4818546296875 0.64635625 0.4805111109375 0.664875 0.6098787031249999 0.6654718749999999 0.5870296296874999 0.6451609375
2 0.44970925937499995 0.614521875 0.4437638890625 0.614521875 0.42465462968749995 0.6522703125 0.39025740781249996 0.697565625 0.3218879625 0.7896687499999999 0.2513953703125 0.8832812499999999 0.27645 0.8825265625000001 0.35076481406250004 0.7745703125000001 0.42380555624999994 0.6696328125 0.4433398140625 0.632640625 0.44970925937499995 0.614521875
2 0.5389120375 0.653259375 0.535546296875 0.64375625 0.529409259375 0.646571875 0.5337648140625 0.6518515625 0.5389120375 0.653259375
2 0.5503953703125 0.66945 0.5440601859374999 0.6599468749999999 0.5408916671874999 0.6613546875 0.54505 0.670153125 0.5503953703125 0.66945
2 0.5525731484375 0.6831765625 0.5511870375 0.682825 0.5614824078125 0.695846875 0.5684120375 0.6947921874999999 0.5593046296875 0.6810640625 0.5525731484375 0.6831765625
2 0.57514351875 0.719078125 0.57514351875 0.71978125 0.5874185187500001 0.7412515625 0.6050388890625 0.7394921875 0.586428703125 0.7148546875 0.57514351875 0.719078125
2 0.64760555625 0.8303 0.6642361109375 0.8303 0.6323611109375 0.7841921875 0.621471296875 0.7873593750000001 0.64760555625 0.8303
2 0.758278703125 0.7042953125 0.7549129625 0.7113343750000001 0.8378592593749999 0.7535703125000001 0.9934740734374999 0.8176296875 0.9956518515624999 0.80460625 0.8541027781249999 0.74864375 0.758278703125 0.7042953125
2 0.8778759265625 0.743715625 0.7658166671875 0.6976078125 0.7582935187500001 0.693384375 0.7586888890625 0.6986640625 0.79254444375 0.71309375 0.85530555625 0.7401953125 0.9449916671875 0.7803203125 0.9966666671875 0.796159375 0.9968638890625 0.78665625 0.8778759265625 0.743715625
2 0.7771629625 0.6678609375 0.7965046296875 0.6750812500000001 0.8044240734375 0.6726171875 0.7826453703125 0.6652265625 0.7771629625 0.6678609375
2 0.8596611109375001 0.6986640625 0.8667888890625 0.6919765625000001 0.8374870375000001 0.683528125 0.8329333328124999 0.686696875 0.8596611109375001 0.6986640625
2 0.944002778125 0.7208375 0.9495462968749999 0.716965625 0.9127212968749999 0.7071109375 0.91173148125 0.709575 0.944002778125 0.7208375
3 0.44625555625 0.620525 0.5185203703125 0.6219328125 0.5787074078125001 0.6212296875 0.5660361109375 0.614190625 0.4856546296875 0.61700625 0.44684999999999997 0.61489375 0.44625555625 0.620525