6 0.7533231484375 0.751675 0.48381296249999994 0.7766609375 0.5011740734375 0.9206937500000001 0.8765046296874999 0.8545562500000001 0.7533231484375 0.751675
2 0.433002778125 0.6258484375 0.4159574078125 0.6654734375 0.3841629625 0.7126750000000001 0.26623055625 0.879334375 0.28812222187500003 0.8799171875 0.37859074062500003 0.7429765625 0.42939722187499996 0.6555671875 0.4395583328125 0.6258484375 0.44218055625 0.613028125 0.4369361109375 0.6124453125 0.433002778125 0.6258484375
2 0.6316398140625 0.79134375 0.6499953703125 0.785515625 0.6227898140625 0.751134375 0.611972221875 0.753465625 0.6316398140625 0.79134375
2 0.57395 0.7027687499999999 0.57395 0.703934375 0.5860777781250001 0.719084375 0.5955833328125 0.719084375 0.58509444375 0.699271875 0.57395 0.7027687499999999
2 0.5601824078125001 0.686453125 0.5693611109375001 0.6823734375 0.5591990734375 0.6683874999999999 0.55264351875 0.671884375 0.5601824078125001 0.686453125
2 0.5428101859375001 0.664309375 0.5503490734375001 0.659646875 0.5418268515625 0.65090625 0.53494351875 0.654403125 0.5428101859375001 0.664309375
2 0.9197620375 0.7097609375 0.9256620375000001 0.7080140625 0.8902611109375 0.69810625 0.886327778125 0.6986890625 0.9197620375 0.7097609375
2 0.721125 0.6922796875 0.9210731484375 0.7872640625 1 0.817565625 0.9981018515625 0.8024156250000001 0.8820666671874999 0.7557968749999999 0.7221083328125 0.6858703125 0.721125 0.6922796875
2 0.724402778125 0.6823734375 0.8456824078125 0.7359843749999999 0.9964629625000001 0.7965875 0.9918740734375 0.777940625 0.8253601859374999 0.713840625 0.7250583328125 0.6747984375 0.724402778125 0.6823734375
3 0.5434657406250001 0.65615 0.5700166671875 0.6520718750000001 0.5690333328125 0.6439140625 0.43136388906249995 0.641 0.4284138890625 0.649740625 0.5434657406250001 0.65615
3 0.5732944437499999 0.625265625 0.43791944374999997 0.622934375 0.43726388906249997 0.6305109375 0.5723111109375 0.63400625 0.5732944437499999 0.625265625