4 0.64916851875 0.6863312500000001 0.6774620375 0.7010875000000001 0.8249666671875 0.6997453124999999 0.8985305562500001 0.6950515625 0.964172221875 0.684990625 0.9121120375 0.6695625 0.8302481484375 0.6749296874999999 0.7559296296875 0.6756 0.6755759265625 0.6762703125 0.64916851875 0.6863312500000001
4 0.21611759218749999 0.6596375 0.183297221875 0.657625 0.1587759265625 0.6643328125 0.2134768515625 0.6898203125 0.3111851859375 0.6951859375 0.4213416671875 0.69988125 0.5314990734375 0.7025640625 0.5813240734375 0.7002359375 0.5590379624999999 0.67238125 0.4979240734375 0.6737234375 0.4130425921875 0.67238125 0.3281611109375 0.67036875 0.2496925921875 0.6656734375 0.21611759218749999 0.6596375
2 0.40585648125 0.7149687499999999 0.310515740625 0.88448125 0.3307018515625 0.8830390625 0.41559999999999997 0.7149687499999999 0.40585648125 0.7149687499999999
2 0.3028601859375 0.8102421874999999 0.2812870375 0.8782953125 0.2987546296875 0.878584375 0.317475 0.8139546875000001 0.3028601859375 0.8102421874999999
2 0.37593240781250004 0.7496140625 0.30773148125 0.8090046875000001 0.3194259265625 0.8117671874999999 0.386371296875 0.7520890625 0.37593240781250004 0.7496140625
2 0.3790953703125 0.7124171875 0.376452778125 0.748240625 0.3865 0.747375 0.3876833328125 0.713003125 0.3790953703125 0.7124171875
2 0.6556203703125 0.7763421875 0.6585620375000001 0.778303125 0.6633416671875 0.77895625 0.6692259265625 0.77895625 0.6736379625 0.77895625 0.68283148125 0.77895625 0.6857731484375 0.77895625 0.69423055625 0.7796109375 0.7026879625 0.7822250000000001 0.7078361109375 0.7822250000000001 0.7129833328124999 0.7822250000000001 0.7214407406250001 0.781571875 0.7258537031250001 0.781571875 0.7365175921875 0.7802640625 0.7449749999999999 0.778303125 0.74975555625 0.7763421875 0.7508583328125 0.7711109375 0.74718148125 0.7698031249999999 0.741665740625 0.7704578125 0.7335759265624999 0.771765625 0.7276925921874999 0.77241875 0.7214407406250001 0.77241875 0.7144546296875001 0.77241875 0.7063648140625001 0.7711109375 0.699377778125 0.7704578125 0.69165648125 0.7704578125 0.6820953703125 0.7704578125 0.6718 0.7704578125 0.6534138890625 0.7606515625 0.497134259375 0.5998218750000001 0.4945611109375 0.6024359375 0.6397805562500001 0.7625640625 0.6409111109375 0.76588125 0.6438527781250001 0.7678421875 0.6478981484374999 0.7711109375 0.6508398140625 0.7730734375 0.6556203703125 0.7763421875
2 0.433803703125 0.6651015625000001 0.4301240734375 0.673365625 0.4354675921875 0.6740625 0.4398074078125 0.6671671875 0.433803703125 0.6651015625000001
2 0.44871666718750003 0.644096875 0.4450370375 0.6492609375 0.4494138890625 0.6501984375000001 0.45239629687500005 0.644096875 0.44871666718750003 0.644096875
2 0.3198148140625 0.6606921875 0.30819444375 0.6675796875 0.31169166718749997 0.6697234375 0.32426944375 0.663103125 0.3198148140625 0.6606921875
2 0.36203888906250004 0.640615625 0.35413518593750004 0.6443921875 0.35764351875 0.6464218749999999 0.36484351875 0.6421265625 0.36203888906250004 0.640615625