4 0.9004675921875 0.7696578125 0.9004675921875 0.70318125 0.6661601859374999 0.7128359375 0.395034259375 0.7069578125 0.1278981484375 0.6651953125000001 0.028849999999999997 0.6952 0.0586074078125 0.7128359375 0.13713518593750001 0.7378203125 0.27021759218749997 0.7642734375 0.437190740625 0.780440625 0.69674444375 0.7848499999999999 0.7975898140625 0.7789703125 0.9004675921875 0.7696578125
2 0.7124490734375 0.8891953125000001 0.652934259375 0.831878125 0.6430148140624999 0.8406968750000001 0.6959175921874999 0.8891953125000001 0.7124490734375 0.8891953125000001
2 0.7537796296875 0.89654375 0.7033564812499999 0.8274687500000001 0.6893046296875001 0.83775625 0.73729444375 0.895415625 0.7537796296875 0.89654375
2 0.3388259265625 0.821590625 0.3008018515625 0.8818468749999999 0.32229351875 0.883315625 0.34874444375 0.8289390624999999 0.3388259265625 0.821590625
2 0.2925361109375 0.8157125000000001 0.269390740625 0.8759671875 0.2878898140625 0.88615625 0.30741481406250004 0.8201203125 0.2925361109375 0.8157125000000001
2 0.0743129625 0.7525171875 0.0007453703125 0.7863187500000001 0.00291944375 0.79753125 0.082578703125 0.7657437500000001 0.0743129625 0.7525171875
2 0.0007453703125 0.780440625 0.0569546296875 0.75545625 0.0453296296875 0.7485906250000001 0 0.7730921875 0.0007453703125 0.780440625
2 0.413302778125 0.6869500000000001 0.4074111109375 0.6985265625 0.4141703703125 0.7005828125 0.41981388906249995 0.6880531249999999 0.413302778125 0.6869500000000001
2 0.43438796249999995 0.6461546874999999 0.4297361109375 0.653871875 0.43482407343749996 0.6544375 0.43934907343749996 0.64670625 0.43438796249999995 0.6461546874999999
2 0.5984157406249999 0.7139640625 0.5224481484375 0.6301671875 0.5212074078125 0.6340265625 0.5906638890625 0.717271875 0.5984157406249999 0.7139640625
2 0.89746851875 0.8373640625000001 0.7906879625000001 0.77348125 0.783603703125 0.7770796875 0.8655861109374999 0.8310656249999999 0.89746851875 0.8373640625000001
2 0.801927778125 0.702134375 0.6309240734375 0.639190625 0.6287120374999999 0.6414390625 0.8006638890625 0.70550625 0.801927778125 0.702134375