4 0.8398435187500001 0.6845234375 0.666903703125 0.683296875 0.5008398140625 0.6775640625 0.20786851875 0.647321875 0.1412675921875 0.668746875 0.1454009265625 0.674625 0.1602796296875 0.680503125 0.2784833328125 0.6952 0.4099129625 0.709896875 0.6239203703125 0.714159375 0.9132314812500001 0.7156296875 0.9347101859375 0.7126328125 0.8398435187500001 0.6845234375
2 0.39329907343750004 0.7273859375 0.3081583328125 0.8802312499999999 0.323603703125 0.880865625 0.404871296875 0.7273859375 0.39329907343750004 0.7273859375
2 0.6793027781250001 0.865534375 0.64871851875 0.784703125 0.637146296875 0.784703125 0.6658657406249999 0.8689609375 0.6793027781250001 0.865534375
2 0.6412796296875001 0.775884375 0.5867231484375 0.730325 0.5759777781250001 0.734734375 0.6361037031250001 0.781659375 0.6412796296875001 0.775884375
2 0.7594833328124999 0.8934578125 0.61648148125 0.730325 0.6032555562499999 0.7317953125 0.742502778125 0.899384375 0.7594833328124999 0.8934578125
2 0.27598425937500004 0.88553125 0.287778703125 0.854859375 0.2718648140625 0.8526828125 0.26166481406250003 0.8824265625000001 0.27598425937500004 0.88553125
2 0.36285648125000003 0.77143125 0.27716944374999997 0.8461531250000001 0.2904925921875 0.8494406250000001 0.3718333328125 0.7736078125 0.36285648125000003 0.77143125
2 0.3714259265625 0.7699796875 0.37836203749999997 0.72355 0.370609259375 0.7221 0.3602759265625 0.7710874999999999 0.3714259265625 0.7699796875
2 0.2113490734375 0.7009875 0.0012120375 0.7858671875 0.001440740625 0.795246875 0.2182861109375 0.7038890624999999 0.2113490734375 0.7009875
2 0 0.776071875 0.02560648125 0.764459375 0.018471296875 0.75856875 0 0.76763125 0 0.776071875
2 0.1351953703125 0.72594375 0.0258620375 0.75585 0.030034259375 0.760165625 0.1387629625 0.7309281249999999 0.1351953703125 0.72594375
2 0.18590370312499999 0.6972109375 0.1364833328125 0.72554375 0.1442398140625 0.7277812499999999 0.1950361109375 0.6984843749999999 0.18590370312499999 0.6972109375
2 0.8889546296875 0.737865625 0.8547731484375 0.722859375 0.8463333328125 0.7243609375 0.8838666671875 0.740059375 0.8889546296875 0.737865625
2 0.42919351875 0.6620109375000001 0.42658981406249996 0.6705578125 0.43141944375 0.6711375 0.435002778125 0.6623671875 0.42919351875 0.6620109375000001
2 0.4467648140625 0.63878125 0.44286388906249996 0.636903125 0.4395324078125 0.64239375 0.4439203703125 0.644128125 0.4439203703125 0.6435500000000001 0.4467648140625 0.63878125
2 0.5669333328125 0.6801828125 0.5219703703125 0.62999375 0.5218009265625 0.6345015625 0.5606759265625 0.680009375 0.5669333328125 0.6801828125