4 0.39169351875 0.6200281249999999 0.3206259265625 0.6141859375000001 0.297621296875 0.6196625 0.35123055625 0.6276953125 0.45577777812500003 0.6349984375 0.53916944375 0.6375546875 0.5328018515624999 0.62733125 0.45598333281250003 0.624775 0.39169351875 0.6200281249999999
4 0.6486518515624999 0.6427203125000001 0.6619166671875 0.648759375 0.7313111109375 0.6524984375 0.784690740625 0.6547984375 0.749427778125 0.643296875 0.6499462968749999 0.63639375 0.6486518515624999 0.6427203125000001
2 0.6984740734375 0.7019609375 0.7060768515625 0.699084375 0.67793055625 0.68211875 0.67760648125 0.6910328125 0.6780925921875001 0.6895953125000001 0.6984740734375 0.7019609375
2 0.80070555625 0.696496875 0.8052342593749999 0.6924703125 0.78 0.6844187500000001 0.7764416671875 0.68671875 0.80070555625 0.696496875
2 0.7491046296875 0.7315796875 0.7565453703125 0.7278421875000001 0.7182083328125 0.7065625 0.7119 0.7088625000000001 0.7491046296875 0.7315796875
2 0.831115740625 0.7773046875 0.8422768515625 0.774715625 0.787602778125 0.7445203125 0.7825879625 0.7482593750000001 0.831115740625 0.7773046875
2 0.9699046296875 0.8463218749999999 0.97766944375 0.8420078125 0.9066574078125 0.8115249999999999 0.9005101859375 0.8121 0.9699046296875 0.8463218749999999
2 0.9899629624999999 0.7620625000000001 0.9953009265625001 0.7603375 0.9427296296875 0.7425078125 0.9385231484375 0.7442328125000001 0.9899629624999999 0.7620625000000001
2 0.7476481484375 0.8831296875 0.76495648125 0.8796796875 0.7059148140625 0.8100875000000001 0.6921648140625 0.8138249999999999 0.7476481484375 0.8831296875
2 0.656578703125 0.776153125 0.6693574078125 0.7727031249999999 0.6413731484375 0.7416453125 0.6313435187499999 0.7433703125 0.656578703125 0.776153125
2 0.611447221875 0.7232406250000001 0.620021296875 0.722090625 0.603359259375 0.7019609375 0.5957574078125 0.7042609375 0.611447221875 0.7232406250000001
2 0.58233148125 0.6921828125 0.592522221875 0.6924703125 0.5443175921875001 0.6392703125 0.5407592593749999 0.6412828125 0.58233148125 0.6921828125
2 0.3874120375 0.8802546875000001 0.38045648125 0.775578125 0.3686481484375 0.774715625 0.3713981484375 0.8814046875000001 0.3874120375 0.8802546875000001
2 0.38045648125 0.7721281249999999 0.43480740781250005 0.7258296875 0.427527778125 0.7243906250000001 0.36929537031250004 0.7689640625 0.38045648125 0.7721281249999999
2 0.42688148124999997 0.7232406250000001 0.4362629625 0.724678125 0.4228370375 0.6927578125 0.41588148125 0.6930453125 0.42688148124999997 0.7232406250000001
2 0.42413148125 0.6913203125 0.4527620375 0.673490625 0.4462916671875 0.672628125 0.41636666718750004 0.6910328125 0.42413148125 0.6913203125
2 0.4474240734375 0.672340625 0.45389444375 0.672628125 0.4407925921875 0.65595 0.43610092656250005 0.6573875 0.4474240734375 0.672340625
2 0.0444833328125 0.7899578125 0.1258481484375 0.7318671875 0.11986296249999999 0.7284171875000001 0.034939814062500005 0.78736875 0.0444833328125 0.7899578125