7 0.07410555625000001 0.672384375 0.08301851875 0.67486875 0.15100648125 0.6630625 0.148734259375 0.6608875000000001 0.153802778125 0.6590234374999999 0.129159259375 0.6599546875 0.1263629625 0.662440625 0.07410555625000001 0.672384375
7 0.217771296875 0.6677234375000001 0.1679601859375 0.6795296875 0.1824666671875 0.68356875 0.241890740625 0.666790625 0.23961851875 0.663684375 0.24503611093750002 0.6605765625 0.2144509265625 0.6627515625 0.217771296875 0.6677234375000001
8 0.3916740734375 0.6770437499999999 0.363709259375 0.6959984375 0.38345925937500003 0.6975515624999999 0.4019851859375 0.6785984375 0.412297221875 0.678909375 0.4140453703125 0.66616875 0.38573148125 0.6764234375 0.3916740734375 0.6770437499999999
2 0.39907314843749997 0.8407781249999999 0.42523333281250003 0.7860640625 0.410871296875 0.7860640625 0.3841981484375 0.8334828125 0.39907314843749997 0.8407781249999999
2 0.45571481406250003 0.7073703124999999 0.45400555625 0.712940625 0.46226574062500003 0.713953125 0.46995555624999996 0.69521875 0.4636898140625 0.69521875 0.45571481406250003 0.7073703124999999
2 0.48248796250000003 0.6698999999999999 0.4876148140625 0.6597734375 0.4830574078125 0.6597734375 0.47963981406249995 0.667875 0.48248796250000003 0.6698999999999999
2 0.7855379625000001 0.8400343749999999 0.797215740625 0.8359828125 0.7493657406249999 0.7894 0.7376879625 0.79345 0.7855379625000001 0.8400343749999999
2 0.645121296875 0.695725 0.639425 0.7007875 0.63885555625 0.7018 0.6411333328125 0.70028125 0.6519574078125 0.7185109375 0.6602166671874999 0.712940625 0.645121296875 0.695725
2 0.6679074078125 0.6405328124999999 0.665628703125 0.6430640624999999 0.6963888890625001 0.652684375 0.7485111109375 0.6724328125000001 0.7533537031249999 0.6698999999999999 0.7000916671875 0.648128125 0.6679074078125 0.6405328124999999
2 0.13044814843750002 0.6724328125000001 0.0948453703125 0.6805343749999999 0.1011120375 0.6850906250000001 0.13358148125 0.6759765625 0.13044814843750002 0.6724328125000001
2 0.2295666671875 0.6947125 0.2603268515625 0.6805343749999999 0.2520675921875 0.6764828125 0.22301574062500001 0.6896484375 0.2295666671875 0.6947125