4 0.1669268515625 0.6833921875 0.2508666671875 0.6876328125 0.5952129625 0.690175 0.7072925921875 0.6825453125000001 0.6576916671874999 0.6605000000000001 0.22845092656250002 0.6613484374999999 0.1669268515625 0.6833921875
2 0.6348361109375 0.7269125 0.5808120375 0.69536875 0.576575 0.7029015625 0.6253018515625001 0.7306781250000001 0.6348361109375 0.7269125
2 0.6470175921875 0.7768171875000001 0.634571296875 0.7259703125 0.6255666671875 0.7316203125 0.634571296875 0.7796421875 0.6470175921875 0.7768171875000001
2 0.7526296296874999 0.8582656249999999 0.765871296875 0.8540281249999999 0.6469648140625 0.7768171875000001 0.6358425921874999 0.7810546875 0.7526296296874999 0.8582656249999999
2 0.3630740734375 0.8709765624999999 0.38240555625 0.8695640625 0.372077778125 0.7791703125 0.3545990734375 0.7787 0.3630740734375 0.8709765624999999
2 0.3718129625 0.7796421875 0.43139814843749996 0.7287953125 0.41789259218749997 0.7273828124999999 0.3614851859375 0.7754046875 0.3718129625 0.7796421875
2 0.42901481406249997 0.729265625 0.4149796296875 0.6991359375 0.4072990734375 0.69960625 0.41895185156250003 0.7287953125 0.42901481406249997 0.729265625
2 0.1427398140625 0.7575140625000001 0.1340009265625 0.7537484375 0.060379629687500005 0.814009375 0.0720324078125 0.815421875 0.1427398140625 0.7575140625000001
2 0.23465555624999998 0.7224265625 0.22541111093750002 0.720009375 0.13799259218749999 0.7531218749999999 0.1462861109375 0.7574734375000001 0.23465555624999998 0.7224265625
2 0.23900648124999999 0.7217015625000001 0.2598074078125 0.6970484375 0.25110648125 0.6948734375 0.2300333328125 0.719284375 0.23900648124999999 0.7217015625000001
2 0.9214851859375001 0.7754828125000001 0.82675555625 0.731615625 0.7379824078125 0.6902703125 0.7328768515624999 0.6948078125 0.7796740734375 0.7174984375 0.9177981484375 0.7840546875000001 0.98841944375 0.8057359375 0.9895537031250001 0.7966593750000001 0.9214851859375001 0.7754828125000001