8 0.4888888890625 0.7860078125000001 0.4796296296875 0.8119343750000001 0.5013888890625 0.8139921875 0.5020833328125 0.7876546875 0.5113425921875 0.7847734375 0.49606481406249997 0.769959375 0.4796296296875 0.785596875 0.4888888890625 0.7860078125000001
8 0.7710648140624999 0.7823046875 0.8210648140625001 0.803703125 0.8388888890624999 0.7983546875 0.784722221875 0.7798359375 0.790509259375 0.7786015625 0.7458333328125 0.7691359375 0.765509259375 0.7843625000000001 0.7710648140624999 0.7823046875
2 0.25677777812499997 0.9783250000000001 0.375253703125 0.84249375 0.3501083328125 0.8416343749999999 0.2166416671875 0.977465625 0.25677777812499997 0.9783250000000001
2 0.12276851875000001 0.8171703125 0.001653703125 0.8575875 0.0099203703125 0.8686109375 0.133102778125 0.825253125 0.12276851875000001 0.8171703125
2 0.666227778125 0.9706265625 0.68860555625 0.9730234375 0.608259259375 0.8378546874999999 0.5980138890625 0.837375 0.666227778125 0.9706265625
2 0.5928916671875 0.8292265625 0.60151944375 0.8273093749999999 0.5780620375 0.7875265625 0.5618851859375 0.7640390625 0.55838055625 0.768353125 0.5928916671875 0.8292265625
2 0.417909259375 0.7913609375 0.44756666718749993 0.7582875 0.43435555625 0.7558906249999999 0.4171 0.7721875 0.417909259375 0.7913609375
2 0.4613175921875 0.7400734375 0.47938148125 0.718025 0.47345 0.7156281250000001 0.4540379625 0.7367171875 0.4613175921875 0.7400734375
2 0.7794675921875001 0.8220375000000001 0.7902518515625 0.8205984374999999 0.7549324078125 0.800946875 0.6740462968750001 0.7606843750000001 0.6689240734374999 0.76595625 0.7794675921875001 0.8220375000000001
2 0.8037333328124999 0.830665625 0.9110416671875001 0.8843484374999999 0.9862648140625 0.9068765624999999 0.9903092593749999 0.8944140624999999 0.8137092593749999 0.82826875 0.8037333328124999 0.830665625
3 0.761402778125 0.7578078125000001 0.6716194437499999 0.7587671874999999 0.6705416671875 0.7640390625 0.7756925921875 0.7602046875 0.761402778125 0.7578078125000001
3 0.5511 0.75685 0.44621851875 0.7544531250000001 0.4440620375 0.762121875 0.5562231484375 0.7626015625 0.5511 0.75685