8 0.48756759218749995 0.8094390625000001 0.47983888906249994 0.8506578125 0.5047046296875 0.8530468750000001 0.50436851875 0.808840625 0.5137768515625 0.807646875 0.49865555625 0.7885296875 0.47883055625 0.8070484375 0.48756759218749995 0.8094390625000001
8 0.6720425921875 0.8106328125 0.71438148125 0.8482671875 0.7389111109375001 0.8476703125 0.688172221875 0.8082437499999999 0.6928759265625 0.807646875 0.655577778125 0.7909203125000001 0.6629703703125001 0.8142171875 0.6720425921875 0.8106328125
8 0.8215722218750001 0.7986859374999999 0.8860888890625 0.823775 0.9072583328125001 0.8172046875 0.837365740625 0.79390625 0.8427416671874999 0.7921140624999999 0.7842740734375 0.7807640625000001 0.8135083328125001 0.800478125 0.8215722218750001 0.7986859374999999
2 0.262052778125 0.9744328124999999 0.34244351875 0.8853406250000001 0.31843055625 0.8828671874999999 0.22411944374999998 0.9769062500000001 0.262052778125 0.9744328124999999
2 0.42112499999999997 0.794253125 0.43914351875 0.7708437499999999 0.427825 0.7700218750000001 0.42181851875 0.7770046875000001 0.42112499999999997 0.794253125
2 0.4617824078125 0.743328125 0.48049444374999994 0.7199203125 0.47495000000000004 0.7182765625 0.453697221875 0.742096875 0.4617824078125 0.743328125
2 0.6186361109375 0.8706390624999999 0.6338824078124999 0.8735140625 0.5821370375 0.791378125 0.5745138890625 0.7917890625 0.6186361109375 0.8706390624999999
2 0.674077778125 0.9720765625000001 0.6909416671875 0.9700234375000001 0.6493601859375 0.8989750000000001 0.6361925921875 0.8993859375 0.674077778125 0.9720765625000001
2 0.851722221875 0.8538015624999999 0.86165555625 0.8509265625 0.7041083328125 0.7741296875 0.6962546296875 0.7753609375 0.851722221875 0.8538015624999999
2 0.9873231484374999 0.9059578125 0.9947148140625 0.8973328125 0.8995407406249999 0.8657109374999999 0.89053148125 0.8685859375 0.9873231484374999 0.9059578125
3 0.7932768515624999 0.76509375 0.6722296296875 0.7708437499999999 0.6726916671875001 0.7761828125 0.8050583328125 0.7692015624999999 0.7932768515624999 0.76509375
3 0.5682768515625 0.7712546875 0.4370648140625 0.7671484375000001 0.43983703749999997 0.7724859375 0.5719731484375 0.77495 0.5682768515625 0.7712546875