2 0.17975000000000002 0.8812796875 0.238384259375 0.8223171875 0.2226888890625 0.8175796875 0.1619824078125 0.8718046875000001 0.17975000000000002 0.8812796875
2 0.2614824078125 0.7507203125 0.07525648124999999 0.9028640625 0.10897592656249999 0.9002328125 0.28161851875 0.751246875 0.2614824078125 0.7507203125
2 0.3487870375 0.6998296875000001 0.34704351875 0.7032109375 0.35734814843749996 0.7040578125 0.3722509265625 0.68911875 0.3643240734375 0.6874281250000001 0.3487870375 0.6998296875000001
2 0.44787499999999997 0.6175296875 0.4258379625 0.6341593750000001 0.40855648125000005 0.6510703125 0.40887407343750004 0.6530421875 0.41585 0.6524796875 0.43297222187499995 0.634440625 0.45167962968750003 0.621475 0.44787499999999997 0.6175296875
2 0.52466944375 0.6318484375 0.5274611109375 0.6454328125 0.5330101859374999 0.6445875 0.529522221875 0.631621875 0.52466944375 0.6318484375
2 0.54014444375 0.6744625 0.550925 0.675309375 0.540303703125 0.6530421875 0.5330101859374999 0.655015625 0.54014444375 0.6744625
2 0.5859629625 0.7629640625 0.604828703125 0.7604265625 0.5685231484375 0.6956015625 0.55695 0.700675 0.5859629625 0.7629640625
2 0.947275 0.8283515625 0.9547259265625 0.8218703125 0.898127778125 0.793121875 0.8906759265625 0.7990406250000001 0.947275 0.8283515625
2 0.7980888890625 0.697575 0.8635657406249999 0.719840625 0.9272990734375 0.7415437500000001 0.93253055625 0.7384421875 0.8022111109375001 0.693628125 0.7980888890625 0.697575
2 0.5215953703125 0.6071015625 0.519059259375 0.616965625 0.5214370374999999 0.628803125 0.5276203703125 0.6290859375 0.524925 0.61555625 0.5265101859375 0.6059734375 0.5215953703125 0.6071015625
5 0.5016835015625001 0.7286931812499999 0.4680134671875 0.7130681812499999 0.425084175 0.7258522734375 0.45538720625 0.7414772734375 0.5016835015625001 0.7286931812499999
5 0.2508417515625 0.6960227265625 0.20202020156249997 0.6960227265625 0.21548821562499998 0.7144886359375 0.2643097640625 0.7102272734375 0.2508417515625 0.6960227265625