11 0.48328518593750003 0.66968125 0.47157592656249997 0.6754234375 0.4699611109375 0.7062875 0.49297500000000005 0.7062875 0.4861111109375 0.6790125 0.4885333328125 0.6847546875 0.5079138890625 0.6747062500000001 0.48328518593750003 0.6668109375 0.48328518593750003 0.66968125
2 0.6776629625 0.8890734374999999 0.5971212968749999 0.7623968750000001 0.581115740625 0.7642328125 0.6575574078125 0.8905749999999999 0.6776629625 0.8890734374999999
2 0.5571851859375 0.7059078125 0.53880648125 0.6780234375 0.5309648140625 0.6771515625 0.5487879625 0.7070078125 0.5571851859375 0.7059078125
2 0.5268481484375 0.6596703125000001 0.5174296296875001 0.6465875 0.5127203703125 0.6465875 0.521278703125 0.660828125 0.5268481484375 0.6596703125000001
2 0.42721203750000003 0.6586234375 0.413672221875 0.68008125 0.41874351875000004 0.682025 0.4313333328125 0.6599328125 0.42721203750000003 0.6586234375
2 0.4358953703125 0.65234375 0.44296018593750003 0.6400453125000001 0.4400166671875 0.639521875 0.4329175921875 0.651171875 0.4358953703125 0.65234375
2 0.44672407343750004 0.6332640625 0.449822221875 0.6256062499999999 0.44725277812500003 0.6248 0.44402592656250006 0.6318421875 0.44672407343750004 0.6332640625
2 0.45156018593749997 0.6226515625 0.45631944375 0.6128453125 0.4539018515625 0.6115015625 0.44919537031249995 0.62180625 0.45156018593749997 0.6226515625
2 0.5123148140625 0.63785625 0.507540740625 0.6289734375 0.5026546296875 0.629565625 0.50753055625 0.637703125 0.5123148140625 0.63785625
2 0.5044314812499999 0.6248265625 0.4943268515625 0.6076515625 0.490884259375 0.6086390625 0.49943425937499997 0.6256203124999999 0.5044314812499999 0.6248265625
2 0.719747221875 0.71953125 0.69343148125 0.70433125 0.6878796296874999 0.7076875 0.7127240734375 0.7208609375 0.719747221875 0.71953125
2 0.6368916671875 0.67329375 0.6240111109375001 0.66559375 0.6200138890625 0.6681609374999999 0.6327833328125 0.6752671875 0.6368916671875 0.67329375