2 0.7417953703125 0.89238125 0.51359444375 0.6105734375 0.508947221875 0.611490625 0.7216898140625 0.8905749999999999 0.7417953703125 0.89238125
2 0.3712638890625 0.722515625 0.24066759218749997 0.8770328125000001 0.262559259375 0.8802359375 0.3801888890625 0.72585625 0.3712638890625 0.722515625
2 0.167572221875 0.6962921875 0 0.7555921875 0.0012361109375 0.765971875 0.1750888890625 0.701303125 0.167572221875 0.6962921875
2 0.31502037031249996 0.6431109375 0.23630555625 0.6732078125000001 0.24250740781250002 0.6776328125 0.32038055625 0.64561875 0.31502037031249996 0.6431109375
2 0.4289546296875 0.6492796875 0.4010231484375 0.6863984375000001 0.40783148125 0.6889203125 0.43572592656250003 0.650784375 0.4289546296875 0.6492796875
2 0.44927407343750003 0.6254062499999999 0.43726759218750005 0.640271875 0.44191944375 0.6418859375 0.45291851875000005 0.6261687499999999 0.44927407343750003 0.6254062499999999
2 0.45935092656250004 0.611303125 0.4522759265625 0.6208328125 0.45562129687499997 0.6226734375 0.4619231484375 0.6132078125 0.45935092656250004 0.611303125
2 0.374096296875 0.6194984375 0.3382916671875 0.633984375 0.34214629687500003 0.6367406250000001 0.3775268515625 0.6225484375 0.374096296875 0.6194984375
2 0.40089629687499995 0.6080625000000001 0.3828870375 0.6168312499999999 0.38556851875000003 0.6192421875 0.404540740625 0.6111125000000001 0.40089629687499995 0.6080625000000001
5 0.20707070781249998 0.6519886359375 0.177609428125 0.6534090906250001 0.177609428125 0.6676136359375 0.21548821562499998 0.6647727265625 0.20707070781249998 0.6519886359375
5 0.34006733906250003 0.6661931812499999 0.30639730625 0.6704545453125 0.315656565625 0.6832386359375 0.35521885625 0.6775568187500001 0.34006733906250003 0.6661931812499999
5 0.49326599375 0.6732954546875 0.46296296249999996 0.6818181812499999 0.490740740625 0.6917613640625 0.5168350171875 0.6875 0.49326599375 0.6732954546875