9 0.512953703125 0.7636328125 0.519872221875 0.763290625 0.508725 0.754065625 0.496040740625 0.7643156249999999 0.49636574062500005 0.764334375 0.4789361109375 0.7697828125 0.49373425937500004 0.77525 0.4946953703125 0.770465625 0.5004611109375 0.771490625 0.496809259375 0.7814 0.51353055625 0.7831078125000001 0.512953703125 0.7636328125
8 0.6223092593749999 0.7636328125 0.6044361109375 0.7554328124999999 0.6042435187499999 0.76705 0.6115462968750001 0.765340625 0.6236546296875 0.7800328125 0.6394138890625001 0.77935 0.6178888890625001 0.7643156249999999 0.6223092593749999 0.7636328125
2 0.668040740625 0.9406984375 0.5802166671875 0.793965625 0.5696240734375 0.7947515625 0.6478898140625 0.9434734375 0.668040740625 0.9406984375
2 0.8958462968750001 0.868428125 0.7943398140625 0.8205640624999999 0.7881620375 0.8276249999999999 0.8898166671875 0.8749703125 0.8958462968750001 0.868428125
2 0.5577129625 0.7739796875 0.558009259375 0.773328125 0.5633046296875001 0.7741125 0.5469759265625 0.7427265625 0.540797221875 0.7427265625 0.5577129625 0.7739796875
2 0.6793750000000001 0.7678359375 0.63126944375 0.74115625 0.6264148140625 0.7442953125 0.6753 0.7704484375 0.6793750000000001 0.7678359375
2 0.61676851875 0.73595 0.595427778125 0.7244359375 0.591896296875 0.7270531250000001 0.6133490734375 0.7376046875 0.61676851875 0.73595
2 0.541415740625 0.73595 0.535234259375 0.7226046875 0.5319962968749999 0.7233906250000001 0.5379703703125001 0.7368984375000001 0.541415740625 0.73595
2 0.4701129625 0.7246203125 0.459222221875 0.737703125 0.46290185156249997 0.7395343750000001 0.4734981484375 0.726190625 0.4701129625 0.7246203125
2 0.47894351874999996 0.712059375 0.4735879625 0.7204125 0.47629444374999996 0.7217421875000001 0.48203425937500005 0.7138921875 0.4876268515625 0.7057796875 0.4861546296875 0.703425 0.47894351874999996 0.712059375
2 0.5331027781250001 0.7188625 0.5244203703125 0.70133125 0.521771296875 0.702640625 0.529625 0.7206484375 0.5331027781250001 0.7188625
2 0.58880555625 0.721478125 0.567372221875 0.7074906249999999 0.564977778125 0.7099234375 0.585271296875 0.7233015625 0.58880555625 0.721478125