9 0.4962046296875 0.78883125 0.50105 0.78883125 0.49943518593749997 0.7981625 0.4941861109375 0.7967265625 0.4941861109375 0.7902671875 0.46915370312500004 0.7988796875 0.489340740625 0.8110828124999999 0.4913601859375 0.8017515625 0.49943518593749997 0.8046218749999999 0.4937824078125 0.8240015625 0.51921851875 0.8283093750000001 0.5167962968750001 0.7902671875 0.5248703703125 0.7881140624999999 0.511547221875 0.7744765625000001 0.4962046296875 0.78883125
8 0.66335555625 0.78955 0.6359009265625 0.77519375 0.6399388890625 0.7938562499999999 0.6476101859375001 0.7909843750000001 0.6762759265625 0.82113125 0.6980777781249999 0.818259375 0.6589148140625001 0.7909843750000001 0.66335555625 0.78955
2 0.6864925921875 0.9695796874999999 0.6193740734375 0.858509375 0.60853148125 0.8594265625 0.672428703125 0.9698890625000001 0.6864925921875 0.9695796874999999
2 0.5808768515625 0.810434375 0.58116851875 0.8126125 0.5889129625 0.808940625 0.5589675921875 0.7538640625 0.552772221875 0.7566171875000001 0.5808768515625 0.810434375
2 0.9917120374999999 0.9018390625 0.8146231484375 0.829321875 0.8099768515625 0.8375828125 0.9819388890624999 0.9070984375 0.9917120374999999 0.9018390625
2 0.6972175921875 0.7720312500000001 0.66255648125 0.755265625 0.657459259375 0.756625 0.69668148125 0.77851875 0.6972175921875 0.7720312500000001
2 0.64053148125 0.7449578125 0.6104018515625 0.7281796875000001 0.60659351875 0.730240625 0.6373861109375001 0.7464296874999999 0.64053148125 0.7449578125
2 0.5506074078125 0.7441 0.5413370375000001 0.7261453125 0.53769444375 0.726734375 0.54658055625 0.7454609375000001 0.5506074078125 0.7441
2 0.46580740781249996 0.7271203125000001 0.45057685156250005 0.745075 0.45463703750000006 0.7473156249999999 0.46895277812499997 0.728590625 0.46580740781249996 0.7271203125000001
2 0.5382092593750001 0.721571875 0.5265509265625 0.6983328125 0.5239018515625 0.6994312500000001 0.53525555625 0.7226109375 0.5382092593750001 0.721571875
2 0.48592500000000005 0.7019437500000001 0.478152778125 0.7102671875000001 0.4706231484375 0.7213390625 0.47391296250000003 0.7225140624999999 0.48089074062500003 0.7123078125 0.48574814843749997 0.7066546875 0.48795648125 0.7019437500000001 0.48592500000000005 0.7019437500000001