9 0.4852009265625 0.856865625 0.4991740734375 0.856865625 0.494727778125 0.8817078125 0.4832953703125 0.8805781250000001 0.486471296875 0.8613828124999999 0.44264444375 0.8828359375 0.474402778125 0.9167125 0.47948425937500005 0.8918703125 0.49218796249999996 0.8952578125 0.47884907343750005 0.9663953125000001 0.5264861109375001 0.9731703125 0.52076944375 0.8579953124999999 0.5366490734375 0.8579953124999999 0.5125129625 0.8218609375 0.4852009265625 0.856865625
8 0.7424416671875 0.8512187499999999 0.6948046296875 0.8275062500000001 0.7094129625 0.8591234375000001 0.7221166671875 0.8557359375000001 0.798971296875 0.931390625 0.8319990734375 0.9212281250000001 0.73481944375 0.8523484375000001 0.7424416671875 0.8512187499999999
2 0.64371944375 0.9036843749999999 0.57639351875 0.785434375 0.567825 0.7868859375 0.6302296296875001 0.9049421875 0.64371944375 0.9036843749999999
2 0.549940740625 0.753053125 0.5572879625 0.7665796874999999 0.5577833328125 0.767384375 0.5630120375 0.766609375 0.5486333328125 0.737946875 0.5431870375 0.738721875 0.549940740625 0.753053125
2 0.45800648125 0.737171875 0.43447870312500003 0.764284375 0.43963055625 0.7648359375 0.46214629687500003 0.737946875 0.45800648125 0.737171875
2 0.8641157406250001 0.8622406249999999 0.7767574078124999 0.8188593750000001 0.7721824078124999 0.8227328125 0.8559407406249999 0.8648875 0.8641157406250001 0.8622406249999999
2 0.674859259375 0.7666390625 0.6301129624999999 0.7429125 0.6269731484375 0.74500625 0.6706898140625001 0.7694156249999999 0.674859259375 0.7666390625
2 0.6160768515624999 0.7356953125000001 0.5794333328125 0.71084375 0.5760333328125 0.7125890625 0.6129611109375 0.7370296875 0.6160768515624999 0.7356953125000001
2 0.5395546296875 0.7314375 0.54355 0.731340625 0.5297435187499999 0.7032859375 0.526127778125 0.70299375 0.5328666671875 0.7164359375 0.5395546296875 0.7314375
2 0.4841861109375 0.7051609375 0.47213148125000004 0.71849375 0.46399814843750004 0.72980625 0.4675759265625 0.7308125000000001 0.4750740734375 0.72051875 0.4811490734375 0.71241875 0.4861796296875 0.7053296875 0.4841861109375 0.7051609375
8 0.56744351875 0.7291593749999999 0.571877778125 0.7281734375 0.5768814812499999 0.7346250000000001 0.5829648140625 0.733890625 0.5764231484375 0.7281734375 0.5788629624999999 0.7273859375 0.56999351875 0.7230484374999999 0.56744351875 0.7291593749999999