2 0.5613629625 0.6883828125 0.7177 0.8947796875 0.741447221875 0.8900890625000001 0.5765351859375001 0.6919 0.5039731484375001 0.616846875 0.50199444375 0.616846875 0.5613629625 0.6883828125
2 0.319271296875 0.77868125 0.28496944375 0.8267625000000001 0.30014074062499996 0.8326265625 0.3344425921875 0.7822 0.319271296875 0.77868125
2 0.3641268515625 0.7376359375 0.38061851875 0.7153546875 0.3694046296875 0.7118359375 0.3542324078125 0.73411875 0.3641268515625 0.7376359375
2 0.39739444375 0.6807875 0.3871583328125 0.6936328125 0.3955879625 0.69845 0.40371574062500004 0.6829296874999999 0.39739444375 0.6807875
2 0.41455462968749995 0.6615203125 0.4058231484375 0.6716890624999999 0.41304907343749997 0.6738296874999999 0.4190703703125 0.6652671875 0.41455462968749995 0.6615203125
2 0.42930555625 0.648140625 0.4238870375 0.648140625 0.41937129687499997 0.656703125 0.4229833328125 0.6593796875 0.42509074062499996 0.65616875 0.42930555625 0.648140625
2 0.0734574078125 0.7236046875000001 0.0171601859375 0.7450140625 0.026492592187500004 0.7525062499999999 0.07977962968749999 0.7310984375 0.0734574078125 0.7236046875000001
2 0.1752148140625 0.68828125 0.13728148125 0.7032671875000001 0.1460120375 0.7096890625000001 0.18093425937500002 0.6930984375 0.1752148140625 0.68828125
2 0.23783425937499997 0.6674078125 0.2161583328125 0.6748999999999999 0.2215768515625 0.6818578125 0.2429518515625 0.6711546875 0.23783425937499997 0.6674078125
2 0.2827175921875 0.6516734375000001 0.26515925937499996 0.6598171875000001 0.27139351875 0.6634359375 0.286153703125 0.65665 0.2827175921875 0.6516734375000001
5 0.16582491562499999 0.6590909093749999 0.1296296296875 0.6619318187500001 0.13131313125 0.6775568187500001 0.175084175 0.6747159093749999 0.16582491562499999 0.6590909093749999
5 0.30555555624999997 0.6775568187500001 0.26851851875 0.6832386359375 0.2853535359375 0.703125 0.32239057187500003 0.6931818187500001 0.30555555624999997 0.6775568187500001
5 0.48148148125 0.6875 0.44781144843750004 0.6988636359375 0.48316498281250003 0.7130681812499999 0.5126262625 0.703125 0.48148148125 0.6875