2 0.5280425921874999 0.6505421874999999 0.716 0.8896656249999999 0.7342083328125 0.8865328124999999 0.5579990734375 0.676646875 0.5004370375 0.6087734375 0.496325 0.6098171875 0.5280425921874999 0.6505421874999999
2 0.288397221875 0.8092609375 0.24610648125 0.869825 0.2654898140625 0.869825 0.30660555624999997 0.81135 0.288397221875 0.8092609375
2 0.35594444375 0.7246796875 0.3353861109375 0.7528734375 0.347721296875 0.7570515624999999 0.3671046296875 0.7309453125 0.35594444375 0.7246796875
2 0.3880620375 0.6883984375 0.37766481406249996 0.7030062499999999 0.386552778125 0.7053921875 0.39695092656250003 0.690484375 0.3880620375 0.6883984375
2 0.4068453703125 0.665440625 0.40030462968749997 0.6758765624999999 0.40718055625 0.677665625 0.4142240734375 0.6681250000000001 0.4068453703125 0.665440625
2 0.41925462968750005 0.6514296875000001 0.4142240734375 0.6588828125 0.42076388906249995 0.6603734375 0.4257953703125 0.6523234375 0.41925462968750005 0.6514296875000001
2 0.03244351875 0.7380796875 0 0.750246875 0.0015203703125 0.7628625 0.0395398140625 0.7452890625 0.03244351875 0.7380796875
2 0.14878148125 0.697075 0.1089888890625 0.7123953125 0.11709907343749999 0.72050625 0.15587870312500002 0.703384375 0.14878148125 0.697075
2 0.22653981406249998 0.6784765625 0.22250555625000001 0.67269375 0.196872221875 0.6831031249999999 0.20467962968750003 0.6898109375 0.20415925937499999 0.6881921875 0.22653981406249998 0.6784765625
5 0.48148148125 0.7485795453125 0.4267676765625 0.765625 0.48063973125 0.7926136359375 0.5294612796875 0.7698863640625 0.48148148125 0.7485795453125
5 0.23063973125 0.7230113640625 0.16582491562499999 0.7301136359375 0.178451178125 0.7613636359375 0.24579124531250002 0.75 0.23063973125 0.7230113640625
5 0.0614478109375 0.6860795453125 0.014309764062499999 0.6818181812499999 0.0042087546875 0.6960227265625 0.055555556250000006 0.7059659093749999 0.0614478109375 0.6860795453125