2 0.1656675921875 0.8821328125000001 0.2266888890625 0.8221812500000001 0.21625092656249997 0.818375 0.1530888890625 0.8749953125 0.1656675921875 0.8821328125000001
2 0.320897221875 0.7351109375 0.31099444374999996 0.7317796875 0.2844981484375 0.7589 0.295471296875 0.7612796875 0.320897221875 0.7351109375
2 0.17253981406250002 0.6799625 0.2625518515625 0.6489906249999999 0.256128703125 0.6456609375 0.158709259375 0.67325625 0.17253981406250002 0.6799625
2 0.039877778125 0.7217875 0.0460333328125 0.728925 0.112675 0.7060875 0.14291851875 0.6922890625 0.15067962968749998 0.686103125 0.1453268515625 0.682296875 0.112675 0.6979984375 0.039877778125 0.7217875
2 0.3589018515625 0.6889578125 0.3447166671875 0.70323125 0.350872221875 0.7075140625 0.365325 0.6913375 0.3589018515625 0.6889578125
2 0.391821296875 0.6651687500000001 0.38459444375 0.6661203125 0.375227778125 0.675159375 0.381115740625 0.6765875 0.391821296875 0.6651687500000001
2 0.538753703125 0.682296875 0.5465157406250001 0.682771875 0.54143055625 0.67325625 0.534472221875 0.6737328125000001 0.538753703125 0.682296875
2 0.5590944437500001 0.7132234375000001 0.5671231484375 0.712271875 0.556953703125 0.6979984375 0.5497268515625 0.6979984375 0.5590944437500001 0.7132234375000001
2 0.5912111109375 0.7750781250000001 0.6045925921874999 0.7722234375 0.586928703125 0.7408203125 0.578096296875 0.7427234375 0.5912111109375 0.7750781250000001
2 0.6573175921875001 0.8835593749999999 0.6760518515625 0.8835593749999999 0.6490203703125 0.8412140625 0.63456851875 0.84454375 0.6573175921875001 0.8835593749999999
2 0.618777778125 0.64328125 0.6131574078125 0.6466125 0.7079009265625 0.6941921875 0.8802592593749999 0.7765046875 0.8850768515625 0.767465625 0.7159296296875 0.6903859375 0.618777778125 0.64328125
5 0.23737373750000001 0.7002840906250001 0.18181818125 0.7045454546875 0.1978114484375 0.7329545453125 0.2508417515625 0.7258522734375 0.23737373750000001 0.7002840906250001
5 0.4511784515625 0.7215909093749999 0.4015151515625 0.7357954546875 0.44528619531249997 0.7627840906250001 0.49326599375 0.7457386359375 0.4511784515625 0.7215909093749999
5 0.6893939390625 0.7173295453125 0.6826599328125 0.7215909093749999 0.6548821546875 0.7428977265625 0.715488215625 0.7556818187500001 0.7340067343750001 0.7357954546875 0.6893939390625 0.7173295453125