2 0.0155259265625 0.7413406250000001 0.0841879625 0.7180156249999999 0.17646666718749998 0.6880828125 0.1655333328125 0.6841953125 0.07063055625 0.71101875 0.008747221874999999 0.731621875 0.0155259265625 0.7413406250000001
2 0.23966203749999998 0.651928125 0.23441481406250003 0.65465 0.23594537031249999 0.6573703125 0.23157129687500003 0.661646875 0.214515740625 0.6674781249999999 0.1819333328125 0.677975 0.1887120375 0.6822515625000001 0.23091574062500003 0.6674781249999999 0.24031851875000002 0.66048125 0.24316111093749998 0.6562046875 0.23966203749999998 0.651928125
2 0.29039351875 0.632103125 0.2422861109375 0.64881875 0.24928425937499998 0.6542609374999999 0.2923620375 0.639878125 0.29039351875 0.632103125
2 0.231790740625 0.8218109374999999 0.27486851875 0.7778828125 0.2628416671875 0.7759390625 0.2186703703125 0.8171453124999999 0.231790740625 0.8218109374999999
2 0.3240018515625 0.734859375 0.343409259375 0.7137734375 0.33370555625 0.7130546875 0.3130851859375 0.731265625 0.3240018515625 0.734859375
2 0.3913898140625 0.6677703125 0.3996111109375 0.6591453125 0.393815740625 0.6574671875 0.38518981406249997 0.666571875 0.3913898140625 0.6677703125
2 0.3655129625 0.693646875 0.378047221875 0.6787921875 0.3703648140625 0.6783125 0.3648388890625 0.685021875 0.3655129625 0.693646875
2 0.5369481484375 0.6732812499999999 0.5434166671875 0.6725625 0.5382953703125 0.6639375000000001 0.5318259265624999 0.6648953125 0.5369481484375 0.6732812499999999
2 0.5509648140625 0.6996374999999999 0.5590509265625 0.6979609375 0.5525814812500001 0.6840640625 0.5462472218750001 0.6855015625 0.5509648140625 0.6996374999999999
2 0.57738055625 0.7444437500000001 0.5889712968749999 0.7439640625 0.5740111109375 0.7204828125 0.5657898140625 0.722878125 0.57738055625 0.7444437500000001
2 0.63236944375 0.8383671874999999 0.6481379625 0.8369296875 0.6215870375 0.7935609375 0.6078398140625 0.794759375 0.63236944375 0.8383671874999999
2 0.6377268515625001 0.649778125 0.606997221875 0.6372453124999999 0.6057324078125 0.639815625 0.6924666671875 0.6835203125 0.8558749999999999 0.7625734375000001 0.8647324078124999 0.7548609374999999 0.7387731484375 0.6973390625 0.6377268515625001 0.649778125
5 0.4638047140625 0.671875 0.43013468125000004 0.6789772734375 0.4604377109375 0.6974431812499999 0.48821548750000004 0.6846590906250001 0.4638047140625 0.671875
5 0.61952861875 0.6747159093749999 0.5984848484375 0.6860795453125 0.6355218859375 0.6960227265625 0.653198653125 0.6860795453125 0.61952861875 0.6747159093749999