2 0.2038870375 0.850240625 0.2563148140625 0.7969062499999999 0.24495555625 0.791728125 0.191071296875 0.8440265625000001 0.2038870375 0.850240625
2 0.0008740734374999999 0.7332156249999999 0.0017472218750000002 0.7456421875 0.044272221875000003 0.7280375 0.0763120375 0.708878125 0.0786416671875 0.6959328124999999 0.070777778125 0.6948984375 0.058253703125 0.71043125 0.0008740734374999999 0.7332156249999999
2 0.21844999999999998 0.6560625 0.0873796296875 0.6912734375 0.10689444374999998 0.6959328124999999 0.234178703125 0.657615625 0.21844999999999998 0.6560625
2 0.31951944375 0.7270015625 0.300296296875 0.7425359375 0.30961666718749997 0.7466781250000001 0.325053703125 0.7306265625 0.31951944375 0.7270015625
2 0.363084259375 0.6840109375 0.35063055625 0.6975234375 0.35855555625 0.6992484375 0.3713324078125 0.6863109374999999 0.363084259375 0.6840109375
2 0.38750555625 0.663021875 0.3789333328125 0.671934375 0.3858879625 0.672221875 0.393003703125 0.663309375 0.38750555625 0.663021875
2 0.6478907406250001 0.8720484374999999 0.6606675921875 0.8674484375 0.6286444437500001 0.81224375 0.6168379625 0.81655625 0.6478907406250001 0.8720484374999999
2 0.581096296875 0.756753125 0.59193148125 0.7544531250000001 0.577052778125 0.7314515625 0.56848148125 0.7334640625 0.581096296875 0.756753125
2 0.5521462968749999 0.7070125 0.5607175921875001 0.7061499999999999 0.5527935187499999 0.6923484375 0.5451916671875 0.6926359375 0.5521462968749999 0.7070125
2 0.5366203703125 0.677971875 0.5429277781249999 0.677109375 0.537428703125 0.668196875 0.5327388890625 0.669346875 0.5366203703125 0.677971875
2 0.657196296875 0.662478125 0.6109898140625 0.6417937499999999 0.6086629625 0.6447484375 0.7532657406250001 0.715075 0.9051824078124999 0.7883546875 0.9011935187500001 0.7765359375 0.7828509265625 0.7192109375 0.657196296875 0.662478125
5 0.4393939390625 0.78125 0.366161615625 0.80681818125 0.42592592656250006 0.85369318125 0.4991582484375 0.8153409093749999 0.4393939390625 0.78125
5 0.1641414140625 0.7485795453125 0.1624579125 0.7457386359375 0.090909090625 0.7485795453125 0.0917508421875 0.7826704546875 0.17424242343750002 0.7755681812499999 0.1641414140625 0.7485795453125
5 0.747474746875 0.7727272734375 0.722222221875 0.8011363640625 0.8097643109374999 0.8252840906250001 0.8232323234375001 0.7897727265625 0.747474746875 0.7727272734375