4 0.63198148125 0.65791875 0.49989166718750006 0.6594359375 0.402247221875 0.6553875 0.3088740734375 0.6437484375 0.2761361109375 0.65690625 0.32566944375 0.665509375 0.43470092656250003 0.6725953125 0.5519870375 0.67664375 0.6601638890625 0.6741125 0.63198148125 0.65791875
2 0.2528379625 0.7798359375 0.1289574078125 0.8935625 0.1609425921875 0.8854390625 0.3381324078125 0.72116875 0.3883953703125 0.6760390625 0.3807796296875 0.67333125 0.2528379625 0.7798359375
2 0.2456759265625 0.8780671874999999 0.2974870375 0.8401109375000001 0.28353703750000003 0.8360625 0.2257481484375 0.8790796875 0.2456759265625 0.8780671874999999
2 0.3000490734375 0.8320140625000001 0.32139907343749996 0.7591359375 0.31314351875 0.7561 0.286953703125 0.8289765625 0.3000490734375 0.8320140625000001
2 0.3239611109375 0.7561 0.38630555625 0.7196609375 0.3763416671875 0.716625 0.3165601859375 0.7530640625 0.3239611109375 0.7561
2 0.3851666671875 0.7191546875 0.38345925937500003 0.69435625 0.37691111093749996 0.6928390624999999 0.3763416671875 0.7201671875 0.3851666671875 0.7191546875
2 0.3854518515625 0.6923328125 0.4184740734375 0.6771499999999999 0.41107222187500003 0.67664375 0.37861944375 0.6898015625 0.3854518515625 0.6923328125
2 0.251084259375 0.658425 0.1844703703125 0.6781625 0.19130277812500002 0.684740625 0.25848611093749996 0.6614609375 0.251084259375 0.658425
2 0.65475555625 0.8821171874999999 0.676390740625 0.8826234375 0.5696370374999999 0.7156125 0.5457240734375 0.6796796875 0.54003055625 0.6827171875 0.65475555625 0.8821171874999999
2 0.5719148140625 0.69739375 0.5776083328125 0.6806921874999999 0.5690675921875 0.6801859375 0.5622351859375 0.7009359374999999 0.5719148140625 0.69739375
2 0.602659259375 0.7272531250000001 0.61433148125 0.726746875 0.57276851875 0.69840625 0.5650824078125 0.69840625 0.602659259375 0.7272531250000001
2 0.6237259265625 0.7687515625 0.6131925921875 0.723709375 0.6049370374999999 0.7282656249999999 0.6126231484375 0.7717890625 0.6237259265625 0.7687515625
2 0.6134768515625 0.768246875 0.6109148140625 0.7707765625 0.70315 0.8416296875 0.7225083328124999 0.8401109375000001 0.6248638890625 0.7687515625 0.6134768515625 0.768246875
2 0.7219388890625 0.8846468749999999 0.7449972218750001 0.8871781249999999 0.7247851859375001 0.8390984375 0.7068509265625 0.843653125 0.7219388890625 0.8846468749999999
2 0.70001851875 0.6933453125 0.685215740625 0.6761375000000001 0.679522221875 0.6781625 0.6931861109375 0.7004296875 0.70001851875 0.6933453125
2 0.7558148140625 0.7196609375 0.762077778125 0.7156125 0.70258055625 0.695875 0.696602778125 0.69840625 0.7558148140625 0.7196609375
2 0.7575231484375 0.7206734375 0.756953703125 0.7232046875 0.8022175921875 0.75356875 0.80905 0.7490140625 0.7672018515625 0.7146 0.7575231484375 0.7206734375
2 0.9186500000000001 0.79405625 0.92690555625 0.7864656250000001 0.8104731484375 0.748003125 0.8050638890625 0.7550874999999999 0.9186500000000001 0.79405625
2 0.9829870375 0.83758125 0.9960814812500001 0.826446875 0.92804444375 0.7884890625 0.920927778125 0.79506875 0.9829870375 0.83758125