2 0.22054351875 0.8651171874999999 0.2732546296875 0.8103921875 0.25427777812499996 0.8013953125000001 0.20367592656250003 0.854621875 0.22054351875 0.8651171874999999
2 0.31626666718749996 0.7571656250000001 0.3440981484375 0.7249296875 0.3327120375 0.71968125 0.3065675921875 0.7459203125 0.31626666718749996 0.7571656250000001
2 0.36223055625 0.7024390625 0.3778333328125 0.685196875 0.36855555624999997 0.6821984375000001 0.3554833328125 0.6971921875 0.36223055625 0.7024390625
2 0.38753148125000003 0.671703125 0.3963870375 0.6619578125000001 0.39090555625 0.6619578125000001 0.3799416671875 0.6694546875 0.38753148125000003 0.671703125
2 0.54186944375 0.6777 0.54988148125 0.6777 0.5397611109375 0.6672046875000001 0.5347009265625 0.6694546875 0.54186944375 0.6777
2 0.5621111109375 0.7106859375 0.57223148125 0.7076875 0.5612675921875 0.69269375 0.550303703125 0.6934437499999999 0.5621111109375 0.7106859375
2 0.5996407406250001 0.769909375 0.6160870375 0.7631625 0.5975324078125 0.7309265625 0.5827740734375 0.736175 0.5996407406250001 0.769909375
2 0.684822221875 0.89210625 0.7097018515625 0.8861078125 0.65656944375 0.8223859375 0.6443398140625 0.826134375 0.684822221875 0.89210625
2 0.783497221875 0.714434375 0.6544611109375 0.6544609375 0.5806648140624999 0.6259734375 0.5777129624999999 0.6267234375 0.6165083328125001 0.6492125 0.7691601859375 0.7166828125 0.989702778125 0.813390625 0.9939203703124999 0.7976468750000001 0.783497221875 0.714434375
2 0.133253703125 0.7039390625 0.26018148124999996 0.658959375 0.31837499999999996 0.6364687499999999 0.3137361109375 0.629721875 0.1741574078125 0.6762015625 0.11891574062500002 0.698690625 0.133253703125 0.7039390625
5 0.459595959375 0.7230113640625 0.4074074078125 0.7386363640625 0.45538720625 0.7670454546875 0.5075757578125 0.7471590906250001 0.459595959375 0.7230113640625
5 0.2382154875 0.703125 0.18265993281249998 0.7059659093749999 0.1919191921875 0.7372159093749999 0.25589225625 0.7272727265625 0.2382154875 0.703125
5 0.69360269375 0.7230113640625 0.671717171875 0.7414772734375 0.7348484859375 0.7585227265625 0.75 0.7386363640625 0.69360269375 0.7230113640625