2 0.29975648125 0.7773171875 0.3271379625 0.7460609375 0.3161851859375 0.7414484375 0.2876509265625 0.77373125 0.29975648125 0.7773171875
2 0.3533666671875 0.716853125 0.3709490734375 0.6937953125 0.3631666671875 0.6927703125 0.345296296875 0.7107046875 0.3533666671875 0.716853125
2 0.377865740625 0.6779109375 0.37671296249999997 0.6814984374999999 0.38363055625000003 0.6814984374999999 0.39343055625 0.67125 0.3859361109375 0.668175 0.377865740625 0.6779109375
2 0.4020768515625 0.6594640625 0.4104361109375 0.652290625 0.40380648125 0.651778125 0.3954481484375 0.6599765625 0.4020768515625 0.6594640625
2 0.5343740734375 0.6676624999999999 0.5427324078125 0.6640765625 0.5343740734375 0.656390625 0.53005 0.6569015625 0.5343740734375 0.6676624999999999
2 0.5490731484375 0.689696875 0.55743148125 0.6866218749999999 0.5467675921875 0.6733 0.5418675921875 0.6763734375 0.5490731484375 0.689696875
2 0.575878703125 0.7271015625 0.5862546296875 0.723003125 0.5698259265625001 0.70045625 0.56204351875 0.70455625 0.575878703125 0.7271015625
2 0.6234361109375001 0.7906390625 0.6384240734375 0.7875656249999999 0.6093129625 0.754259375 0.600665740625 0.7557968749999999 0.6234361109375001 0.7906390625
2 0.9942703703125 0.7983265625 0.9672037031249999 0.789103125 0.73036851875 0.6902078125 0.6456296296875 0.654853125 0.57241944375 0.6194968750000001 0.5701138890624999 0.6241078124999999 0.6144703703125 0.6461421875 0.7152666671875 0.6902078125 0.8873379625 0.76963125 0.9879296296875 0.8116484375 0.9942703703125 0.7983265625
2 0.1913833328125 0.685596875 0.29255092656250004 0.648703125 0.32944351875 0.63333125 0.32685 0.6266703125 0.283903703125 0.6435796875 0.1838888890625 0.6784234375 0.1913833328125 0.685596875
2 0.07839814843750001 0.7137796875 0.001440740625 0.7388874999999999 0.0040351859375 0.7563093750000001 0.0890620375 0.718390625 0.07839814843750001 0.7137796875
5 0.4663299671875 0.6988636359375 0.4267676765625 0.7045454546875 0.4587542078125 0.7230113640625 0.4983164984375 0.7130681812499999 0.4663299671875 0.6988636359375
5 0.2828282828125 0.6846590906250001 0.2365319859375 0.6860795453125 0.2542087546875 0.7059659093749999 0.2996633 0.6960227265625 0.2828282828125 0.6846590906250001
5 0.6574074078125001 0.6917613640625 0.6329966328125 0.7088068187500001 0.6792929296875 0.7215909093749999 0.6978114484375 0.7088068187500001 0.6574074078125001 0.6917613640625