2 0.0107953703125 0.7415671875000001 0.131271296875 0.7016484375 0.28845092656250004 0.6463765625 0.2789509265625 0.6379312500000001 0.1671120375 0.6786187499999999 0.00431851875 0.7331218749999999 0.0107953703125 0.7415671875000001
2 0.2288611109375 0.8413640625 0.27376944375 0.7876265625000001 0.2629740734375 0.7860921875 0.218497221875 0.8321515625 0.2288611109375 0.8413640625
2 0.31999814843749996 0.7383234375 0.345384259375 0.7137796875 0.33425 0.7118 0.3113138890625 0.735553125 0.31999814843749996 0.7383234375
2 0.3640898140625 0.69319375 0.37700555625 0.6801296875 0.36965648125 0.6785453125 0.3569638890625 0.69081875 0.3640898140625 0.69319375
2 0.5555990734375 0.7007156250000001 0.563615740625 0.6983390625 0.55359444375 0.6848796875 0.5473592593750001 0.6856718749999999 0.5555990734375 0.7007156250000001
2 0.5883333328125 0.7513890625 0.6001361109375 0.748221875 0.5838796296875 0.7220921875 0.57296851875 0.7260515625 0.5883333328125 0.7513890625
2 0.6640462968749999 0.86144375 0.68230648125 0.85669375 0.6408870375 0.799290625 0.6266351859375 0.8060203125 0.6640462968749999 0.86144375
2 0.5384518515625001 0.6730031249999999 0.543796296875 0.670628125 0.5360027781250001 0.6611265625 0.5322166671875 0.6627109375 0.5384518515625001 0.6730031249999999
2 0.995090740625 0.795728125 0.8688694437500001 0.7486171875000001 0.6938861109375 0.6733984375000001 0.586775 0.623121875 0.5812074078125 0.626684375 0.6473546296875 0.65835625 0.7276462968749999 0.69200625 0.8412157406249999 0.7446578125000001 0.9806166671875 0.805228125 0.995090740625 0.795728125
2 0.3812361109375 0.6638984375 0.3799 0.6658765625 0.38925277812500003 0.66785625 0.3992740734375 0.6563765625 0.3905888890625 0.655584375 0.3812361109375 0.6638984375
5 0.4511784515625 0.7897727265625 0.36952861875 0.81818181875 0.4326599328125 0.8764204546875 0.5202020203125 0.83380681875 0.4511784515625 0.7897727265625
5 0.1515151515625 0.75 0.0707070703125 0.7514204546875 0.06986531875 0.7883522734375 0.1624579125 0.7869318187500001 0.1515151515625 0.75
5 0.778619528125 0.7684659093749999 0.7727272734375 0.7713068187500001 0.7516835015625001 0.8096590906250001 0.847643096875 0.828125 0.85016835 0.7954545453125 0.778619528125 0.7684659093749999