2 0.1717398140625 0.8468781249999999 0.2286925921875 0.796646875 0.21368148125 0.7903671875 0.15672962968749998 0.8406 0.1717398140625 0.8468781249999999
2 0.0022074078125 0.744059375 0.0022074078125 0.7644671875 0.18321851875 0.697753125 0.32273055624999997 0.6428109375 0.31787407343749996 0.6365328124999999 0.20705925937499997 0.6781312500000001 0.042825 0.733071875 0.0022074078125 0.744059375
2 0.28167129687500003 0.751909375 0.3099268515625 0.7244375 0.30065555625 0.7228687500000001 0.2763731484375 0.743275 0.28167129687500003 0.751909375
2 0.3355333328125 0.704815625 0.3562833328125 0.6859796874999999 0.347453703125 0.682840625 0.33111851875 0.699321875 0.3355333328125 0.704815625
2 0.5252129625 0.681084375 0.5313518515625 0.6790625 0.5265768515625 0.6685546875 0.5193018515625 0.6701703125 0.5252129625 0.681084375
2 0.5384 0.7114 0.5463583328125 0.7097828125000001 0.5370361109374999 0.6944234375 0.5315796296874999 0.69523125 0.5384 0.7114
2 0.9350833328125001 0.799515625 0.7641731484375 0.7215046875 0.6961916671874999 0.6863390625 0.610475 0.64349375 0.5761425921875001 0.6277296875 0.5695490734375 0.6289421875000001 0.7189425921875 0.708165625 0.9285731484375 0.8140671875000001 0.9826861109375 0.833065625 0.989052778125 0.8177046875 0.9350833328125001 0.799515625
2 0.5752333328125 0.763946875 0.5615916671875001 0.7372687499999999 0.5534064812499999 0.7400984375 0.5650018515624999 0.765159375 0.5752333328125 0.763946875
5 0.4377104375 0.6974431812499999 0.3989898984375 0.7102272734375 0.43013468125000004 0.7301136359375 0.4646464640625 0.7159090906250001 0.4377104375 0.6974431812499999
5 0.2735690234375 0.6846590906250001 0.228956228125 0.6917613640625 0.2390572390625 0.7073863640625 0.2887205390625 0.703125 0.2735690234375 0.6846590906250001
5 0.633838384375 0.7002840906250001 0.6119528625 0.7159090906250001 0.654040403125 0.7301136359375 0.6767676765624999 0.7130681812499999 0.633838384375 0.7002840906250001