2 0.004629629687499999 0.763509375 0.0049851859375 0.761609375 0.1527731484375 0.705896875 0.2927259265625 0.652084375 0.2916574078125 0.6432218749999999 0.1680861109375 0.6856390625000001 0 0.7457828125 0.004629629687499999 0.763509375
2 0.09579444375 0.9059546875000001 0.1477870375 0.8629046875 0.1335425921875 0.855940625 0.06516851875 0.9078531249999999 0.09579444375 0.9059546875000001
2 0.2414453703125 0.7856671875 0.278125 0.7495812500000001 0.26174351875 0.746415625 0.220434259375 0.7761703125 0.2414453703125 0.7856671875
2 0.301628703125 0.7210921875 0.2987796296875 0.7210921875 0.31373703750000004 0.722990625 0.33403518593750003 0.6995671875 0.32584444375 0.6989328125000001 0.301628703125 0.7210921875
2 0.5427175921875 0.7318546875 0.5548259265625 0.7343859375 0.5448546296875 0.7103296875 0.534527778125 0.712228125 0.5427175921875 0.7318546875
2 0.580465740625 0.8141562499999999 0.59293055625 0.812890625 0.5715629625 0.76920625 0.5605240734375 0.77110625 0.580465740625 0.8141562499999999
2 0.527422221875 0.6929328124999999 0.5340851859375 0.6918562500000001 0.5289370375 0.679203125 0.52181944375 0.6810875000000001 0.527422221875 0.6929328124999999
2 0.9883064812500001 0.8273609375 0.9174240734374999 0.799009375 0.7522166671875 0.7155546875 0.6533879625 0.669634375 0.5916203703125 0.63609375 0.5882518515624999 0.6396875 0.62591851875 0.6604515625 0.6981851859375 0.6963890625 0.8173796296875 0.759478125 0.975953703125 0.8341484375 0.9883064812500001 0.8273609375
5 0.459595959375 0.8352272734374999 0.40319865312500003 0.7954545453125 0.33080808125 0.82244318125 0.378787878125 0.8735795453125 0.459595959375 0.8352272734374999
5 0.153198653125 0.7869318187500001 0.1456228953125 0.7556818187500001 0.0732323234375 0.7542613640625 0.06986531875 0.7954545453125 0.153198653125 0.7869318187500001
5 0.7340067343750001 0.7840909093749999 0.7112794609375 0.82244318125 0.8021885515625 0.84943181875 0.8148148140625 0.7997159093749999 0.7340067343750001 0.7840909093749999