4 0.7282990734375 0.7700625 0.79774351875 0.760803125 0.7925351859374999 0.739196875 0.7265629625 0.703703125 0.675347221875 0.7114203125 0.543402778125 0.7083328125 0.3125 0.7006171875 0.171875 0.6743828125 0.097222221875 0.705246875 0.17881944375 0.733025 0.269965740625 0.75 0.4010416671875 0.7716046875 0.5529518515625 0.776234375 0.6493055562500001 0.777778125 0.7282990734375 0.7700625
4 0.9330324078125001 0.7059890625 0.8673490734374999 0.710940625 0.8652601859375 0.7229062500000001 0.915625 0.7435375 0.9994120375 0.7344593749999999 1 0.709703125 0.9836296296875 0.7035140625 0.9330324078125001 0.7059890625
2 0.8615916671875 0.7763 0.9462620375 0.8458671875 0.9587953703125001 0.8413281250000001 0.8687416671875001 0.774484375 0.8615916671875 0.7763
2 0.6083277781249999 0.8805265625 0.6268953703125 0.8834156249999999 0.5913851859375 0.8046046875 0.580940740625 0.8058421875 0.5800120375 0.8074937500000001 0.6083277781249999 0.8805265625
2 0.6733148140625 0.8863031250000001 0.661477778125 0.8021296875000001 0.6480166671875 0.8017171875000001 0.658228703125 0.885478125 0.6733148140625 0.8863031250000001
2 0.5424120375 0.6919609375 0.536377778125 0.67834375 0.530575 0.6804078125 0.5356814812499999 0.6931984375 0.5424120375 0.6919609375
2 0.054078703125 0.906934375 0.07868148124999999 0.908996875 0.13833055625 0.8570078125 0.238596296875 0.7790234375 0.22768796249999998 0.775721875 0.156665740625 0.8310124999999999 0.07914537031249999 0.882590625 0.054078703125 0.906934375
2 0.148775 0.863609375 0.14715 0.8648468749999999 0.1631648140625 0.8764 0.2896574078125 0.7918140625000001 0.2803740734375 0.787275 0.148775 0.863609375
2 0.052222221874999995 0.7257953125000001 0.0011601859375000001 0.733221875 0.002552778125 0.74395 0.0601129625 0.7311593750000001 0.052222221874999995 0.7257953125000001
2 0.36114351875 0.6849453125 0.37135648125 0.6729796875 0.362072221875 0.6696796875000001 0.3518601859375 0.6832953125000001 0.36114351875 0.6849453125
2 0.3836574078125 0.6606015625 0.39340555625 0.6527609375 0.3871388890625 0.6515234375000001 0.37831944375000004 0.6589515625 0.3836574078125 0.6606015625
2 0.6032212968749999 0.6374953125 0.7387666671875001 0.711353125 0.7457296296875 0.708878125 0.6656555562500001 0.665553125 0.60600648125 0.63378125 0.6032212968749999 0.6374953125
2 0.1798759265625 0.6775187500000001 0.26807314843749996 0.6494609375 0.2970851859375 0.6383203125 0.2915148140625 0.6366703125 0.250665740625 0.6502859375 0.17430555625 0.6725671875 0.1798759265625 0.6775187500000001