4 0.6572361109375 0.674659375 0.652596296875 0.674659375 0.5097055562499999 0.6724593750000001 0.352278703125 0.6658609375 0.25299722187499996 0.653765625 0.2028925921875 0.6708093749999999 0.2567083328125 0.6812578125 0.39217685156250004 0.6961031249999999 0.5700166671875 0.7010515625 0.673009259375 0.6994015625000001 0.6921851859375 0.6988515625 0.6572361109375 0.674659375
2 0.59964444375 0.8830500000000001 0.6206759265625 0.88415 0.5449009265625 0.7103984375 0.53655 0.7120484375 0.536859259375 0.7120484375 0.59964444375 0.8830500000000001
2 0.57799444375 0.7477890625 0.5872731484375 0.7114984375 0.57985 0.7114984375 0.5668601859375 0.7483375 0.57799444375 0.7477890625
2 0.6389240734375 0.8104703125 0.6543888890625 0.808271875 0.5807777781250001 0.7477890625 0.569952778125 0.7472390625 0.6389240734375 0.8104703125
2 0.6744925921875 0.8858 0.6581 0.8110203125 0.64665648125 0.8132203125 0.6565537031249999 0.8868984375 0.6744925921875 0.8858
2 0.06928055625 0.9116421875 0.068971296875 0.9110921875000001 0.22237777812499998 0.7890265624999999 0.3374324078125 0.7005015625000001 0.3269166671875 0.7005015625000001 0.20846018593750001 0.785728125 0.039898148437499996 0.9132921875 0.06928055625 0.9116421875
2 0.043609259375 0.72579375 0 0.7323921875 0.0021648140625 0.7428390625 0.0507231484375 0.7340421874999999 0.043609259375 0.72579375
2 0.056909259375 0.7318421875000001 0.11660092656250001 0.7010515625 0.1119620375 0.6972031249999999 0.0494861109375 0.7263437500000001 0.056909259375 0.7318421875000001
2 0.1184574078125 0.6988515625 0.19794351875 0.68345625 0.188047221875 0.68345625 0.11412685156249999 0.6939031250000001 0.1184574078125 0.6988515625
2 0.1404166671875 0.88415 0.287327778125 0.7945249999999999 0.2768120375 0.7923250000000001 0.1292824078125 0.8781015625 0.1404166671875 0.88415
2 0.2928953703125 0.7923250000000001 0.3136175921875 0.7356921875 0.30402962968749997 0.7323921875 0.2802148140625 0.7923250000000001 0.2928953703125 0.7923250000000001
2 0.31114351875 0.7362421875 0.3695981484375 0.7049000000000001 0.3609388890625 0.7038 0.3049574078125 0.73019375 0.31114351875 0.7362421875
2 0.7552796296875 0.742290625 0.761465740625 0.738440625 0.7320833328125 0.70765 0.7234231484375 0.7092984375 0.7552796296875 0.742290625
2 0.8548703703125 0.781328125 0.868478703125 0.7785796875 0.7661046296875 0.7345921875 0.7593009265624999 0.741740625 0.8548703703125 0.781328125
2 0.9529148140625001 0.8555578125000001 0.9668324078125 0.8511593749999999 0.87064444375 0.7785796875 0.86105648125 0.782428125 0.9529148140625001 0.8555578125000001
2 0.9965240734374999 0.7532875 1 0.7461390625 0.962502778125 0.7356921875 0.9532240734374999 0.739540625 0.9965240734374999 0.7532875
2 0.9080675921875001 0.72689375 0.9130166671875 0.719746875 0.874046296875 0.70875 0.8675509265624999 0.7120484375 0.9080675921875001 0.72689375
2 0.6622925921875 0.6752203125 0.6715296296875 0.6749765625 0.5861925921875 0.6281640625 0.583159259375 0.6311046874999999 0.6622925921875 0.6752203125
4 0.9974074078124999 0.693603125 0.9464277781250001 0.6825734375 0.9130648140625001 0.68281875 0.8463388890625 0.6806125 0.775753703125 0.6803671875 0.8333509265625001 0.7007109375 0.8880824078125 0.699975 0.9191018515625 0.69875 0.9669398140625001 0.6967890625 0.9974074078124999 0.693603125