2 0.28314537031250003 0.8431859375 0.280659259375 0.8437390625000001 0.3008620375 0.8487109374999999 0.33878055625000003 0.7973250000000001 0.321375 0.7929046875 0.28314537031250003 0.8431859375
2 0.36095 0.7403875 0.372347221875 0.7487 0.3916175921875 0.7205203124999999 0.37545555625000004 0.7177578125 0.36095 0.7403875
2 0.4031175921875 0.6995234375 0.4130629625 0.6823953125 0.4080898140625 0.6796328125 0.39752314843750003 0.6951031249999999 0.4031175921875 0.6995234375
2 0.16037685156249998 0.6763171875 0.2492675921875 0.6492421875 0.2387 0.6486890625 0.154471296875 0.6707921875 0.16037685156249998 0.6763171875
2 0.4239833328125 0.67350625 0.4316166671875 0.6608203125000001 0.42381759218750004 0.6593453125 0.4171796296875 0.6708515625 0.4239833328125 0.67350625
2 0.558397221875 0.659640625 0.5642046296875 0.6563953125 0.5574018515625 0.6502 0.5530870375 0.652265625 0.558397221875 0.659640625
2 0.5876027781250001 0.6900265625 0.5869388890625 0.6906171875 0.5977259265625 0.7038921874999999 0.6078481484375 0.7027125 0.5963981484375 0.687371875 0.5876027781250001 0.6900265625
2 0.6421981484375 0.75109375 0.65099351875 0.7499140625 0.62991851875 0.7260171875 0.6226166671875 0.7301484375 0.6421981484375 0.75109375
2 0.7339648140625 0.8575921875000001 0.749397221875 0.8540515624999999 0.7024351859375 0.8021296875000001 0.6913175921875 0.8050796874999999 0.7339648140625 0.8575921875000001
2 0.830875 0.721003125 0.6765481484375 0.656690625 0.6275953703125 0.6357453125 0.626765740625 0.640465625 0.7300740734375 0.684421875 0.8204481484375 0.7245421875 0.9973425921875 0.7982953125 0.9990027781249999 0.7859046875 0.830875 0.721003125
5 0.5597643109375 0.7528409093749999 0.509259259375 0.7301136359375 0.46127946093750005 0.7514204546875 0.5159932656249999 0.7741477265625 0.5597643109375 0.7528409093749999
5 0.29545454531250004 0.7315340906250001 0.27272727343750003 0.7130681812499999 0.21380471406249998 0.7173295453125 0.22811447812500002 0.7443181812499999 0.29545454531250004 0.7315340906250001
5 0.74326599375 0.7286931812499999 0.7255892265624999 0.7457386359375 0.7920875421875 0.7627840906250001 0.7988215484375 0.7414772734375 0.74326599375 0.7286931812499999