2 0.3490101859375 0.757575 0.3228083328125 0.7963953125 0.3356 0.7982046875 0.3600953703125 0.761159375 0.3490101859375 0.757575
2 0.3996416671875 0.7045796875 0.3911851859375 0.7016312499999999 0.37874814843750004 0.719025 0.387371296875 0.7225625 0.38760370312500003 0.7222453125 0.3996416671875 0.7045796875
2 0.412740740625 0.6727390625 0.40610833281250003 0.685121875 0.413425 0.6866890625 0.4218611109375 0.6748031250000001 0.412740740625 0.6727390625
2 0.4268361109375 0.6541671874999999 0.42086574062500004 0.6647796875 0.4285 0.6662578124999999 0.434297221875 0.6562296875 0.4268361109375 0.6541671874999999
2 0.43811111093750005 0.6417843750000001 0.43413148125 0.6473859375 0.43984351874999994 0.649009375 0.44374907343750003 0.6420796875 0.43811111093750005 0.6417843750000001
2 0.44591944375 0.6317515625000001 0.4426175921875 0.6375109375 0.44654259218750003 0.6391734375 0.44934629687500005 0.6329703125 0.44591944375 0.6317515625000001
2 0.70390555625 0.8029718750000001 0.6723175921875 0.7626328124999999 0.6585259265625 0.7689609374999999 0.6892240734375 0.8053453125000001 0.70390555625 0.8029718750000001
2 0.6331666671875 0.7294109375 0.615815740625 0.706471875 0.606028703125 0.7104265625 0.623878703125 0.73180625 0.6331666671875 0.7294109375
2 0.596240740625 0.690653125 0.58511851875 0.67720625 0.57755555625 0.6787875 0.5882379624999999 0.6919390625 0.596240740625 0.690653125
2 0.5726611109374999 0.665340625 0.5686574078125 0.6558484375 0.5615388890624999 0.6558484375 0.5662129625000001 0.667734375 0.5726611109374999 0.665340625
2 0.5596194437500001 0.6524281249999999 0.5549277781249999 0.6438609375000001 0.5489666671875 0.6456640625000001 0.5547740734375 0.6528390625 0.5596194437500001 0.6524281249999999
2 0.60785555625 0.6285515625 0.606447221875 0.629803125 0.7394629625 0.6879875 0.8738851859375 0.74429375 0.9991592593749999 0.7949703125 0.9984546296874999 0.7855859374999999 0.9118898140624999 0.7511765625 0.7996361109375 0.70675625 0.70110648125 0.6654640625 0.60785555625 0.6285515625
2 0.21091388906250003 0.6577859375 0.0942333328125 0.6824171875 0.103109259375 0.6920390624999999 0.22000555624999998 0.6608640625 0.21091388906250003 0.6577859375
5 0.5850168359375 0.8153409093749999 0.51851851875 0.7784090906250001 0.5176767671875 0.7784090906250001 0.4503367 0.8110795453125 0.527777778125 0.859375 0.5850168359375 0.8153409093749999
5 0.8080808078124999 0.7670454546875 0.79461279375 0.7982954546875 0.8796296296874999 0.8153409093749999 0.878787878125 0.7755681812499999 0.8080808078124999 0.7670454546875
5 0.21885521875 0.7471590906250001 0.1363636359375 0.7571022734375 0.146464646875 0.7954545453125 0.23484848593750002 0.7826704546875 0.21885521875 0.7471590906250001