2 0.4424231484375 0.62266875 0.2109101859375 0.88388125 0.243440740625 0.88388125 0.44838703750000003 0.6236328125 0.4424231484375 0.62266875
2 0.672309259375 0.8511093750000001 0.639777778125 0.799059375 0.6251388890625 0.8009875 0.6565861109375 0.8520734375 0.672309259375 0.8511093750000001
2 0.6023675921875 0.7499015625000001 0.5882703703125001 0.72676875 0.5801379625 0.7277328125 0.5936925921875 0.750865625 0.6023675921875 0.7499015625000001
2 0.570378703125 0.7036359375 0.5622453703125 0.6862859375 0.5557398140625 0.6891765624999999 0.5644148140625 0.702671875 0.570378703125 0.7036359375
2 0.5530287031250001 0.67471875 0.5454379625 0.6650796875 0.5405583328125 0.664115625 0.54760648125 0.676646875 0.5530287031250001 0.67471875
2 0.9531611109375 0.7913484375000001 0.897315740625 0.7643609375 0.8886407406249999 0.7691796875 0.94394351875 0.7971328125 0.9531611109375 0.7913484375000001
2 0.8267333328124999 0.7341593750000001 0.7922074078125 0.7160796875 0.7852490734375001 0.7194109375 0.8184361109375 0.7370140625 0.8267333328124999 0.7341593750000001
2 0.7464416671875 0.6979984375 0.7244953703125 0.6865796875 0.718072221875 0.688959375 0.7410888890625 0.7013296875 0.7464416671875 0.6979984375
2 0.8738370375000001 0.6918140625 0.999359259375 0.7251203125 0.9988240734374999 0.7203625 0.8724990734375 0.6875312499999999 0.7477796296875 0.6542250000000001 0.7464416671875 0.6566046875 0.8738370375000001 0.6918140625
5 0.46296296249999996 0.7201704546875 0.4166666671875 0.7372159093749999 0.4587542078125 0.7642045453125 0.5050505046875 0.7457386359375 0.46296296249999996 0.7201704546875
5 0.70538720625 0.7272727265625 0.68097643125 0.7457386359375 0.7424242421875 0.7599431812499999 0.7584175078125 0.7414772734375 0.70538720625 0.7272727265625
5 0.8796296296874999 0.7144886359375 0.878787878125 0.7272727265625 0.9267676765624999 0.7329545453125 0.9292929296875 0.71875 0.8796296296874999 0.7144886359375