9 0.225521296875 0.69398125 0.2322916671875 0.709721875 0.2427083328125 0.7013890625 0.2471351859375 0.7018515625 0.228125 0.721296875 0.2528648140625 0.722221875 0.278125 0.691203125 0.2864583328125 0.6925921875000001 0.2841148140625 0.672221875 0.2549481484375 0.6875 0.225521296875 0.69398125
8 0.43255185156250003 0.696759375 0.4434898140625 0.7296296875 0.46796851874999995 0.7273140625 0.4484379625 0.696759375 0.4575518515625 0.696296875 0.43203148125 0.678703125 0.4203129625 0.6976859375 0.43255185156250003 0.696759375
2 0.3272759265625 0.7864921875 0.33620555625000004 0.7525953125 0.3253453703125 0.7517375000000001 0.3149666671875 0.7864921875 0.3272759265625 0.7864921875
2 0.3444120375 0.721271875 0.34899722187500004 0.701534375 0.34055 0.69981875 0.33548148125 0.7199859375 0.3444120375 0.721271875
2 0.3535833328125 0.6873750000000001 0.3562379625 0.673215625 0.3502046296875 0.673215625 0.3475490734375 0.68394375 0.3535833328125 0.6873750000000001
2 0.116090740625 0.7148359375 0.11681481406250001 0.723846875 0.23556111093749998 0.657340625 0.26814444375 0.640178125 0.26476481406249996 0.636315625 0.2403879625 0.6500468749999999 0.1824638890625 0.679653125 0.116090740625 0.7148359375
2 0.60241944375 0.749590625 0.60241944375 0.7504500000000001 0.6381398140625001 0.77748125 0.65093148125 0.77361875 0.6125564812500001 0.7465875 0.60241944375 0.749590625
2 0.561147221875 0.7204140625 0.5729740734375001 0.72084375 0.5488388890625 0.70110625 0.5394259265625 0.7058265625 0.561147221875 0.7204140625
2 0.50604444375 0.676684375 0.5174629625 0.6882343750000001 0.5259101859374999 0.6869468750000001 0.5119111109375 0.675790625 0.50604444375 0.676684375
2 0.5860074078124999 0.647471875 0.5208416671875 0.626446875 0.5203592593749999 0.6328828125 0.5855240734375 0.656053125 0.5860074078124999 0.647471875
2 0.9964074078125 0.7719031249999999 0.8893888890625 0.7457296875 0.7609888890625001 0.7083999999999999 0.690272221875 0.6852296875 0.6919611109375 0.6925250000000001 0.692571296875 0.6925250000000001 0.722471296875 0.70368125 0.8856259265625 0.7525953125 0.99713148125 0.7813421875000001 0.9964074078125 0.7719031249999999
2 0.8108342593750001 0.8984796875000001 0.8257990734374999 0.8903281249999999 0.746634259375 0.8388390625 0.735290740625 0.8435578125 0.8108342593750001 0.8984796875000001