9 0.15126851875 0.7512078125 0.1458333328125 0.7809984375 0.168025 0.7657 0.17481851875 0.7665062500000001 0.12273518593749999 0.809984375 0.1589675921875 0.8180359375 0.23369537031249998 0.7415453125 0.2481879625 0.7447671875 0.2590583328125 0.7093390625 0.20018148125000002 0.7359093750000001 0.15126851875 0.7512078125
8 0.46965555625000005 0.759259375 0.4900361109375 0.8478265625000001 0.5335148140625 0.8462156249999999 0.495471296875 0.7584546875 0.506340740625 0.75684375 0.4714675921875 0.71980625 0.4542574078125 0.7584546875 0.46965555625000005 0.759259375
10 0.7975546296875 0.7463765625 0.7400361109375 0.738325 0.6725546296875 0.71578125 0.699728703125 0.74718125 0.7133148140625 0.7447671875 0.81929351875 0.8043484375000001 0.8414851859375 0.795490625 0.77626851875 0.761675 0.7839675921875 0.7584546875 0.8165759265625001 0.7761671875 0.7975546296875 0.7463765625
2 0.002475 0.7648828125 0.0063638890625 0.776825 0.147422221875 0.709575 0.26338055625 0.6536390625 0.25524907343750003 0.6492390625 0.187371296875 0.683178125 0.09015 0.7227734375 0.002475 0.7648828125
2 0.3169990734375 0.818659375 0.3360074078125 0.775590625 0.32408055625 0.7732703125 0.3028351859375 0.815678125 0.3169990734375 0.818659375
2 0.3544574078125 0.7325203124999999 0.3630296296875 0.7123109375000001 0.35464351875 0.7109859375 0.3451388890625 0.728875 0.3544574078125 0.7325203124999999
2 0.371975 0.68845625 0.3779388890625 0.673878125 0.371415740625 0.673546875 0.36582499999999996 0.68713125 0.371975 0.68845625
2 0.382225 0.6652640625 0.38762962968750003 0.65433125 0.38110648125 0.65433125 0.3779388890625 0.6626140625 0.382225 0.6652640625
2 0.5041046296875 0.65135 0.508390740625 0.64903125 0.502240740625 0.6430671875 0.498327778125 0.6453859375000001 0.5041046296875 0.65135
2 0.520690740625 0.666259375 0.5259083328124999 0.6655953125 0.5182675921875 0.6579765625 0.51305 0.6593015624999999 0.520690740625 0.666259375
2 0.5456629625 0.6901125 0.5525583328125 0.68845625 0.5406314812499999 0.6758671875 0.5341083328125 0.6778546875 0.5456629625 0.6901125
2 0.5944888890625 0.7371578125 0.6060435187500001 0.7341765625 0.583121296875 0.7146296875 0.57529444375 0.7176109375 0.5944888890625 0.7371578125
2 0.6828240734375 0.8113718750000001 0.6951240734375 0.8080578125000001 0.6548703703125 0.7726078125 0.64275648125 0.775921875 0.6828240734375 0.8113718750000001
2 0.69195555625 0.6775234375 0.6621379625 0.666921875 0.66325648125 0.672221875 0.7053740734375 0.68779375 0.7743268515625 0.7139671875 0.8842796296875 0.7520671875 0.878315740625 0.743453125 0.7694814812499999 0.706015625 0.69195555625 0.6775234375
2 0.5792074078125 0.636440625 0.53634444375 0.6202062500000001 0.5357861109375001 0.6238515625 0.5782759265624999 0.6394234375 0.5792074078125 0.636440625