9 0.10863055625 0.7760140625 0.094246296875 0.816578125 0.1259916671875 0.7954140625 0.133928703125 0.798059375 0.0625 0.8518515624999999 0.097222221875 0.8668437499999999 0.20486111093749998 0.7671953125 0.21974166718750002 0.769840625 0.2400796296875 0.72663125 0.165675 0.7574953125 0.10863055625 0.7760140625
8 0.45783703750000004 0.788359375 0.47867037031250004 0.7901234374999999 0.49553611093749994 0.8765437500000001 0.5421629625 0.87830625 0.5049601859374999 0.7865968750000001 0.5203370375 0.7848328125 0.4751981484375 0.739859375 0.45783703750000004 0.788359375
10 0.8487101859375 0.7671953125 0.7857138890625001 0.758378125 0.7043648140625 0.731921875 0.7380953703124999 0.7716046875 0.75248055625 0.7654328125000001 0.8859129625 0.8412703125000001 0.9077379625 0.826278125 0.8258925921875001 0.7857140625000001 0.834325 0.78306875 0.8670638890625 0.7971781250000001 0.8487101859375 0.7671953125
2 0.2497490734375 0.6523578125 0.11263148125 0.7132984375 0.000652778125 0.7632125000000001 0.0058768515624999995 0.77598125 0.0927175921875 0.7341921874999999 0.21155185156249998 0.680215625 0.25986944375 0.65351875 0.2497490734375 0.6523578125
2 0.2879453703125 0.8740656250000001 0.316675 0.8125453125 0.3016574078125 0.8090624999999999 0.27096944375 0.8682624999999999 0.2879453703125 0.8740656250000001
2 0.3442759265625 0.7514234375 0.35661203750000003 0.7280484375 0.347197221875 0.7271828124999999 0.33405 0.75055625 0.3442759265625 0.7514234375
2 0.369759259375 0.6965953125000001 0.375927778125 0.681590625 0.3689481484375 0.68245625 0.3631046296875 0.696884375 0.369759259375 0.6965953125000001
2 0.3827453703125 0.6691812500000001 0.3877768515625 0.6602359375 0.3822583328125 0.6602359375 0.3780379625 0.6686046875 0.3827453703125 0.6691812500000001
2 0.6158333328125 0.7557515625 0.62963055625 0.7540203125 0.6046333328125 0.730934375 0.59456944375 0.7338203125 0.6158333328125 0.7557515625
2 0.5580481484375001 0.6997703125 0.5673 0.6983265624999999 0.553665740625 0.685053125 0.5474972218749999 0.6862078125 0.5580481484375001 0.6997703125
2 0.5319148140625 0.6735109375 0.536784259375 0.6712015625000001 0.52948055625 0.66225625 0.522825 0.6645640625 0.5319148140625 0.6735109375
2 0.7333509265625 0.8581921875 0.7479601859375 0.8532859374999999 0.6939083328125 0.8068265625000001 0.6810851859375 0.8100015624999999 0.7333509265625 0.8581921875
2 0.6994268515625001 0.6847640625 0.7843194437500001 0.714775 0.8541157406250001 0.741034375 0.8555768515625 0.7355515625 0.7096527781249999 0.680725 0.6580361109374999 0.6619671874999999 0.658515740625 0.6679359375 0.6994268515625001 0.6847640625
2 0.5773638890624999 0.63195625 0.5356481484375 0.617528125 0.536784259375 0.622434375 0.5750916671875 0.6380171875 0.5773638890624999 0.63195625