9 0.31777592656250003 0.6786921875 0.31926388906250003 0.69288125 0.326975 0.687590625 0.33495648125 0.688071875 0.3125 0.7032234374999999 0.3331981484375 0.7063484375 0.3616074078125 0.6815781249999999 0.370671296875 0.6830203125 0.3737824078125 0.6661859375 0.342802778125 0.6779703125000001 0.31777592656250003 0.6786921875
11 0.5305731484375 0.6825390625 0.5132574078125 0.67484375 0.5132574078125 0.6789328125 0.49878240781249994 0.680375 0.49323611093749997 0.6832609374999999 0.48511944375000005 0.7190953125 0.506628703125 0.7198171875 0.505140740625 0.6887921875 0.5068990734375001 0.6863875 0.5136629625 0.6854250000000001 0.5142046296875 0.692159375 0.5305731484375 0.6825390625
2 0.30626944375 0.879021875 0.399978703125 0.7280031250000001 0.3923601859375 0.7232624999999999 0.28722314843749996 0.8763125 0.30626944375 0.879021875
2 0.198846296875 0.7076875 0.124184259375 0.7435796875 0.1333259265625 0.7523828124999999 0.2159879625 0.71175 0.31465 0.6663765625 0.3420768515625 0.6528328125 0.334077778125 0.647415625 0.30055555625 0.6643453125 0.198846296875 0.7076875
2 0.52454351875 0.6155859375 0.50054444375 0.6230359375 0.45597592656249997 0.6528328125 0.4213111109375 0.683984375 0.42969166718749996 0.6873703124999999 0.46054629687500004 0.6555421875 0.5039731484375001 0.6298078125 0.5287333328125 0.6203265625000001 0.52454351875 0.6155859375
2 0.5637796296875 0.6697625 0.5595888890625 0.6406421875 0.5527324078125 0.642675 0.553875 0.6758578125 0.5637796296875 0.6697625
2 0.684534259375 0.6338703125 0.6411083328125 0.642675 0.617871296875 0.6528328125 0.6087296296875 0.670440625 0.61444351875 0.67518125 0.6239666671874999 0.6575734375 0.6452990734374999 0.647415625 0.6849157406249999 0.6392890625 0.684534259375 0.6338703125
2 0.588159259375 0.7442562500000001 0.6007296296875 0.7429015625 0.5706361109375 0.6819531249999999 0.5588268515625 0.68669375 0.588159259375 0.7442562500000001
2 0.639203703125 0.7476421875 0.6167287031249999 0.6853390625 0.6053009265625 0.6812750000000001 0.6224425921875001 0.7435796875 0.639203703125 0.7476421875
2 0.6673925921875 0.8844390625 0.688725 0.8824078125 0.6235851859375 0.7727 0.6049203703125 0.779471875 0.6673925921875 0.8844390625
2 0.6837731484375 0.876990625 0.706628703125 0.8742812499999999 0.65825 0.779471875 0.6388231484375 0.7767625 0.6837731484375 0.876990625