1 0.456503703125 0.7552390625000001 0.34026944375 0.7541109374999999 0.0881101859375 0.8342812500000001 0.19100648125 0.8726734374999999 0.3078759265625 0.90655 0.456503703125 0.7552390625000001
2 0.32811759218750003 0.8879921875000001 0.291525 0.92485625 0.3165296296875 0.9378671875 0.34824351875000004 0.8934124999999999 0.32811759218750003 0.8879921875000001
2 0.3690833328125 0.8451734375 0.34959907343749996 0.8664515625 0.3676916671875 0.8718953125000001 0.38661851875000003 0.8491328125000001 0.3690833328125 0.8451734375
2 0.3974740734375 0.815978125 0.382722221875 0.8332984375000001 0.398309259375 0.8367609375 0.4122259265625 0.8184531249999999 0.3974740734375 0.815978125
2 0.414452778125 0.797175 0.40415462968750004 0.8110296874999999 0.41751481406249996 0.813009375 0.4275351859375 0.7991546875 0.414452778125 0.797175
2 0.42725648125 0.7838140625000001 0.41946296250000004 0.793215625 0.4322666671875 0.7951953125 0.43922592656250004 0.7843093750000001 0.42725648125 0.7838140625000001
2 0.7642351859375001 0.996896875 0.7225925921874999 0.9523109375000001 0.70886944375 0.9573578125 0.74578055625 0.9977390625 0.7642351859375001 0.996896875
2 0.6189601859375 0.8294859375 0.6057101859375 0.8118187499999999 0.5952990734375 0.816025 0.6080759265625 0.83116875 0.6189601859375 0.8294859375
2 0.5815759265625 0.7874234375 0.5735314812500001 0.7756453125 0.5687990734375 0.777328125 0.574477778125 0.7899468749999999 0.5815759265625 0.7874234375
2 0.8016194437499999 0.8252796874999999 0.7666018515624999 0.8118187499999999 0.7647083328125001 0.8168671875 0.7954675921875001 0.8328515624999999 0.8016194437499999 0.8252796874999999
2 0.7079231484374999 0.7891046875 0.6904148140624999 0.7806921874999999 0.687575 0.7857406250000001 0.7036648140625 0.7949937499999999 0.7079231484374999 0.7891046875