1 0.0055388890625 0.850090625 0.0036333328125 0.9743 0.0671490734375 0.9878500000000001 0.24054907343749998 0.981075 0.443165740625 0.7608859375 0.25833333281250004 0.7744359375000001 0.0055388890625 0.850090625
2 0.2976231484375 0.9302765624999999 0.25188240781250004 0.9855734375 0.288475 0.9899093750000001 0.32811759218750003 0.9389515625 0.2976231484375 0.9302765624999999
2 0.3580018515625 0.8619703124999999 0.32994722187500003 0.8977499999999999 0.35434259218749997 0.9020859375000001 0.38056759218749997 0.86630625 0.3580018515625 0.8619703124999999
2 0.3915453703125 0.8251062499999999 0.37507870312499997 0.8457062499999999 0.39276574062499997 0.85004375 0.4067925921875 0.826190625 0.3915453703125 0.8251062499999999
2 0.41289166718750003 0.799084375 0.40069444374999996 0.8131796874999999 0.41594074062499997 0.8186 0.4256990734375 0.8001687499999999 0.41289166718750003 0.799084375
2 0.42631851875000004 0.7817546875 0.4177398140625 0.79270625 0.429178703125 0.7946609375 0.43665740781249995 0.7833203125 0.42631851875000004 0.7817546875
2 0.489672221875 0.7074515625 0.43291851875000004 0.7758890625 0.442597221875 0.779409375 0.492972221875 0.708234375 0.489672221875 0.7074515625
2 0.7643666671875 0.9586796874999999 0.7151796296875 0.906340625 0.7022546296875001 0.90825625 0.7453379625000001 0.958040625 0.7643666671875 0.9586796874999999
2 0.6315268515625 0.8220890624999999 0.6182425921875 0.8048562499999999 0.6089083328125 0.809325 0.6225509265625 0.82528125 0.6315268515625 0.8220890624999999
2 0.5848537031250001 0.776134375 0.57803148125 0.7646453125 0.5708509265624999 0.768475 0.57875 0.776134375 0.5848537031250001 0.776134375
2 0.8128351859375 0.81506875 0.778009259375 0.8023031250000001 0.7733416671875 0.807409375 0.8081675921875 0.8214515625000001 0.8128351859375 0.81506875
2 0.706203703125 0.7754953125 0.6918425921875 0.7691140625 0.687534259375 0.77294375 0.7029731484374999 0.7799640625 0.706203703125 0.7754953125