8 0.1224083328125 0.9054203125000001 0.0061740734375 0.9618796875 0.035391667187499996 0.9822046875 0.140828703125 0.9155828125 0.16369444375 0.9212281250000001 0.18211388906249998 0.8805781250000001 0.11288148125 0.8986453125 0.1224083328125 0.9054203125000001
8 0.5119509265625 0.8189781249999999 0.51518055625 0.8591734375 0.5410203703125 0.859890625 0.525678703125 0.8189781249999999 0.5369833328125 0.8189781249999999 0.5163916671875 0.7974453125000001 0.49983888906249996 0.816825 0.5119509265625 0.8189781249999999
8 0.705971296875 0.8160890625 0.7610074078125 0.8479531250000001 0.780828703125 0.8442046875000001 0.7190453703124999 0.8134656250000001 0.726425 0.811965625 0.68868055625 0.7992203124999999 0.6973259265625 0.8157140625 0.705971296875 0.8160890625
2 0.3758824078125 0.847021875 0.263659259375 0.9883124999999999 0.29672129687500004 0.9914999999999999 0.39789814843750004 0.8460671874999999 0.45374074062499997 0.75919375 0.48058888906249997 0.7190984375 0.47790370312499997 0.7181437500000001 0.441927778125 0.7620578124999999 0.3758824078125 0.847021875
2 0.8226287031249999 0.99976875 0.7399379625 0.9233953125 0.7259768515625 0.9272140625 0.7993731484375 0.9992265625 0.8226287031249999 0.99976875
2 0.6404620375000001 0.8313359374999999 0.60595648125 0.797509375 0.5966046296874999 0.7986546875 0.63189351875 0.8343921875 0.6404620375000001 0.8313359374999999
2 0.5853175921875 0.78088125 0.5662916671875 0.7590953125000001 0.5598416671875001 0.760240625 0.5787740734375 0.7822734375 0.5853175921875 0.78088125
2 0.55716851875 0.7527421875 0.5361759265625 0.732040625 0.5349009265625 0.7352140625 0.5538537031249999 0.7556140625000001 0.55716851875 0.7527421875
2 0.8347111109375 0.820428125 0.76058148125 0.7930046875000001 0.7550111109375 0.7998609375 0.828284259375 0.823475 0.8347111109375 0.820428125
2 0.7179314812500001 0.7792328125 0.6681018515625 0.7605125 0.6637768515625 0.7655265625000001 0.7105981484375 0.78525 0.7179314812500001 0.7792328125
2 0.0036916671875 0.8772609375 0.08552499999999999 0.854290625 0.18397037031250002 0.8247562500000001 0.1735101859375 0.81600625 0.053529629687500004 0.8531968750000001 0.0012305562500000001 0.8685109375 0.0036916671875 0.8772609375