8 0.2936398140625 0.8000624999999999 0.2614324078125 0.8183734375 0.282903703125 0.82146875 0.3069870375 0.8023828125 0.3178675921875 0.80393125 0.31453148125 0.7920671875 0.285515740625 0.7990296875 0.2936398140625 0.8000624999999999
8 0.4831129625 0.7719484375000001 0.483402778125 0.7869078125 0.49776574062499995 0.7861343749999999 0.4918175921875 0.7724640625 0.498346296875 0.77220625 0.48644999999999994 0.762921875 0.4742629625 0.771175 0.4831129625 0.7719484375000001
8 0.6090416671875001 0.7763328125 0.6292074078125001 0.791034375 0.6438601859374999 0.7892296875 0.6181814812499999 0.7758171875000001 0.6267407406250001 0.7747859375 0.6028027781249999 0.7670484375 0.6016425921875 0.776075 0.6090416671875001 0.7763328125
0 0.3146138890625 0.7639750000000001 0.2934731484375 0.7762749999999999 0.3442111109375 0.7814 0.4012916671875 0.783790625 0.40782592656250005 0.7718328125 0.4001379625 0.768075 0.40801851874999995 0.7595328125 0.3457490734375 0.7544078125 0.32556851875000004 0.7646578125 0.3146138890625 0.7639750000000001
2 0.23159166718750002 0.9820640624999999 0.2646759265625 0.9856281250000001 0.3468861109375 0.8742328125000001 0.414559259375 0.784225 0.461177778125 0.7182796875 0.4571675921875 0.716496875 0.3874898140625 0.8020484375000001 0.23159166718750002 0.9820640624999999
2 0.277709259375 0.7690750000000001 0.14186203749999998 0.814525 0.1448703703125 0.8225453125 0.283725 0.777096875 0.277709259375 0.7690750000000001
2 0.3483703703125 0.7441671875 0.31368148125 0.7577046875 0.28406851875 0.7727453125 0.2931638890625 0.7750015625 0.3151620375 0.7618406249999999 0.34350555625 0.7513124999999999 0.376290740625 0.73815 0.392577778125 0.729878125 0.3885583328125 0.7279984374999999 0.3483703703125 0.7441671875
2 0.6130898140625 0.8316062499999999 0.5888712968750001 0.8056921875 0.5794527781250001 0.8060921875 0.6029990734374999 0.8328015625 0.6130898140625 0.8316062499999999
2 0.5602027781250001 0.7785984375 0.5446388890625 0.7628484375 0.5396101859375 0.7643375 0.5546953703125 0.781578125 0.5602027781250001 0.7785984375
2 0.7809796296875 0.998896875 0.7457796296875 0.9603703124999999 0.7304546296875001 0.964628125 0.7625416671874999 0.99783125 0.7809796296875 0.998896875
2 0.7974629625 0.8189093749999999 0.745684259375 0.79959375 0.736428703125 0.803409375 0.7904870374999999 0.8229640625 0.7974629625 0.8189093749999999
2 0.6934759265625 0.7815328125 0.6552703703125 0.766190625 0.6481490734375 0.76916875 0.6857675921874999 0.7845109375 0.6934759265625 0.7815328125