0 0.2918981484375 0.8057609375 0.334722221875 0.8156375 0.38726851875 0.81605 0.39976851875 0.7967078125 0.39050925937500003 0.793415625 0.4018518515625 0.7781890625 0.3233796296875 0.7720171875 0.2949074078125 0.7851859375 0.2918981484375 0.8057609375
8 0.497453703125 0.7954734375 0.496990740625 0.822634375 0.51875 0.8213984375000001 0.5071759265625 0.7967078125 0.5171296296875 0.796296875 0.5006944437499999 0.782715625 0.4865740734375 0.796296875 0.497453703125 0.7954734375
8 0.6543981484375 0.7983546875 0.6891203703125 0.8213984375000001 0.7085648140624999 0.81851875 0.6668981484375001 0.7967078125 0.6731481484375 0.795884375 0.6432870375 0.7851859375 0.646759259375 0.7995890625000001 0.6543981484375 0.7983546875
2 0.439209259375 0.7525796875 0.3543666671875 0.858465625 0.24552870312500003 0.9841578125 0.277665740625 0.9895421875 0.3625083328125 0.8744624999999999 0.41649907343750003 0.8013328124999999 0.4533490734375 0.7464859374999999 0.47048888906249997 0.7198234375 0.46791851875 0.7198234375 0.439209259375 0.7525796875
2 0.387540740625 0.736425 0.291990740625 0.77539375 0.2936768515625 0.779390625 0.3920370375 0.736425 0.387540740625 0.736425
2 0.7042148140625 0.9114234375000001 0.6492629625 0.8572124999999999 0.6390981484375 0.8600359375 0.69055648125 0.9148125 0.7042148140625 0.9114234375000001
2 0.5978046296875 0.8069546875 0.5739814812499999 0.7809781250000001 0.5663574078125 0.7838015625 0.5904990734375 0.808084375 0.5978046296875 0.8069546875
2 0.560322221875 0.7691203125 0.5450759265625 0.7533078125 0.5418990734375 0.756696875 0.5555583328125 0.7708140625000001 0.560322221875 0.7691203125
2 0.9332361109375 0.8549546875 0.8490601859375 0.8323656250000001 0.8465194437499999 0.8380140624999999 0.9291064812500001 0.8606015625 0.9332361109375 0.8549546875
2 0.76075555625 0.8024374999999999 0.70675648125 0.7821078124999999 0.702309259375 0.787190625 0.7550379625 0.8052609374999999 0.76075555625 0.8024374999999999
2 0.67435648125 0.7725078125 0.6375101859375001 0.7578265625 0.634015740625 0.7617796875 0.6714981484375 0.7770265625 0.67435648125 0.7725078125