4 0.76989351875 0.7787499999999999 0.7241925921875 0.76951875 0.68420555625 0.7722875 0.590727778125 0.76905625 0.44386851875 0.760609375 0.35158055625 0.754746875 0.32795092656249997 0.7639781250000001 0.352359259375 0.767671875 0.4229870375 0.77551875 0.5201 0.7778265625 0.69900555625 0.784290625 0.76989351875 0.7787499999999999
2 0.43155555625 0.790290625 0.41831296250000005 0.7778265625 0.41363888906249996 0.7792125000000001 0.4253240734375 0.7898296874999999 0.43155555625 0.790290625
2 0.40013703749999996 0.8013703124999999 0.431296296875 0.790290625 0.4253240734375 0.7893671875 0.3931259265625 0.8009078125 0.40013703749999996 0.8013703124999999
2 0.4074074078125 0.8253734375 0.39702037031250004 0.8041390625 0.39156759218750004 0.80183125 0.3998768515625 0.8249124999999999 0.4074074078125 0.8253734375
2 0.3541768515625 0.8558406250000001 0.4079268515625 0.8258359375 0.3996175921875 0.8272203125 0.3479453703125 0.8503015625 0.3541768515625 0.8558406250000001
2 0.354696296875 0.9140046875 0.35287870312499997 0.8544562499999999 0.3453481484375 0.8516859374999999 0.3430111109375 0.9107734375 0.354696296875 0.9140046875
2 0.2484953703125 0.9846328124999999 0.3536574078125 0.916775 0.340934259375 0.9144656250000001 0.2365509265625 0.97863125 0.2484953703125 0.9846328124999999
2 0.5452870375 0.793984375 0.5182824078125 0.7815203125 0.5159453703125 0.784290625 0.5393148140624999 0.7935218749999999 0.5452870375 0.793984375
2 0.53438148125 0.8096796875000001 0.54580648125 0.7944453125 0.539834259375 0.79536875 0.5258120374999999 0.8096796875000001 0.53438148125 0.8096796875000001
2 0.5634629624999999 0.8322984375000001 0.574109259375 0.8304515625000001 0.5349009265625 0.8101406250000001 0.526072221875 0.8110640625000001 0.5634629624999999 0.8322984375000001
2 0.5590620375 0.8646109375 0.5728240734375001 0.8309140625 0.564775 0.8309140625 0.5497148140625 0.8650734375000001 0.5590620375 0.8646109375
2 0.61800555625 0.9213906250000001 0.632546296875 0.9186203125000001 0.5603601859375 0.8636890625 0.5510129625 0.8646109375 0.61800555625 0.9213906250000001
2 0.6374796296875 0.9970953124999999 0.6356620375 0.9209296874999999 0.6229388890625 0.9223140624999999 0.6219 0.9989421875 0.6374796296875 0.9970953124999999
2 0.6637055562499999 0.9961734375000001 0.6829203703125 0.999865625 0.6369601859375 0.9333921875 0.635921296875 0.9504718750000001 0.6637055562499999 0.9961734375000001
2 0.69239351875 0.8683046875 0.63760555625 0.82814375 0.57346944375 0.7769046875 0.570747221875 0.7796734375 0.6377388890625 0.8387609375 0.7686083328125 0.9384703125 0.8585768515625001 0.99848125 0.8809074078125001 0.99848125 0.7853518515625 0.93939375 0.69239351875 0.8683046875
2 0.7477018515625 0.8106015624999999 0.7515962968750001 0.8073703125 0.7274481484375 0.7995234375 0.7238129625 0.8009078125 0.7477018515625 0.8106015624999999