2 0.32302037031249997 0.8826296875 0.31478055625 0.96979375 0.3279648140625 0.9734562499999999 0.3337333328125 0.8848265625 0.32302037031249997 0.8826296875
2 0.39965555625000004 0.8430765625 0.327140740625 0.8782343750000001 0.3362046296875 0.8840953125000001 0.40830740781249997 0.8467390625 0.39965555625000004 0.8430765625
2 0.40954351874999995 0.843809375 0.396771296875 0.8130453125000001 0.390178703125 0.8123125 0.402127778125 0.8430765625 0.40954351874999995 0.843809375
2 0.71773148125 0.9968953125000001 0.583002778125 0.8196375 0.5764101859374999 0.8203703125 0.7012509265625 0.9961625 0.71773148125 0.9968953125000001
2 0.8335083328125 0.9683296875 0.8841861109375 0.9990937499999999 0.9072592593750001 0.9968953125000001 0.8174398140625 0.9441578125 0.6349166671875001 0.806453125 0.6279120375 0.8079171875 0.8335083328125 0.9683296875
2 0.9019388890625001 0.8407390625 0.8647379624999999 0.830271875 0.8583138890625 0.8326499999999999 0.8965861109375 0.8435937499999999 0.9019388890625001 0.8407390625
4 0.5548074078125 0.7845953125 0.4579231484375 0.7817406250000001 0.35996759218749996 0.774603125 0.29626944375 0.7660390625 0.247559259375 0.777934375 0.2478268515625 0.7803125 0.29894629687499996 0.789828125 0.41215648125 0.8045781249999999 0.5371490734375 0.8107640625 0.6800675921875 0.8112390625 0.7855166671875 0.8055296875 0.87811944375 0.7922078124999999 0.8794574078125 0.789353125 0.81950648125 0.7788859375 0.7555416671875 0.78411875 0.6760527781250001 0.786021875 0.5548074078125 0.7845953125
2 0.432997221875 0.7663578125 0.42250555624999997 0.7800203125 0.428121296875 0.7810703125 0.4383175921875 0.767146875 0.432997221875 0.7663578125
2 0.45204444375 0.749775 0.4493990734375 0.747803125 0.4408648140625 0.7581203125 0.4448759265625 0.7603953125 0.44479074062499996 0.759334375 0.45204444375 0.749775
2 0.45822870312499997 0.7388890625 0.4528648140625 0.7446296875 0.4559379625 0.7466671875 0.4603648140625 0.7403703125 0.45822870312499997 0.7388890625
2 0.5079175921875 0.7218578124999999 0.5080620375 0.725965625 0.5217074078125 0.74046875 0.5365083328125 0.76100625 0.5547018515625 0.7860343750000001 0.5603333328125 0.7861625 0.5406953703124999 0.7599781250000001 0.5302990734375 0.745859375 0.520190740625 0.733409375 0.5079175921875 0.7218578124999999
2 0.5141981484375 0.7182640625000001 0.5128268515625 0.7196765625 0.5392518515625 0.738671875 0.5609111109375 0.7549734375 0.5936166671875001 0.7809 0.5983101859375 0.7801296875 0.5789611109374999 0.76485625 0.5550629625 0.7468874999999999 0.5376629625 0.7337953125000001 0.5141981484375 0.7182640625000001