4 0.6950259265625001 0.77704375 0.775753703125 0.7711453125000001 0.7353898140624999 0.761315625 0.5440777781249999 0.7603328125 0.47938611093750005 0.7603328125 0.395340740625 0.755909375 0.34143055625 0.7495203125 0.3085324078125 0.75935 0.3284370375 0.760825 0.37018333281250004 0.766721875 0.45948055625000006 0.7750781250000001 0.5515425921875 0.7760609374999999 0.6950259265625001 0.77704375
2 0.323184259375 0.962334375 0.33424259218749997 0.8763234375 0.32511944375 0.8758328125 0.31074351875 0.9593859374999999 0.323184259375 0.962334375
2 0.334796296875 0.87485 0.40557037031250004 0.8365140625 0.397552778125 0.8360218749999999 0.32484351875 0.8709171874999999 0.334796296875 0.87485
2 0.3967231484375 0.8350390624999999 0.40695277812499997 0.8370046875 0.3972759265625 0.8089906250000001 0.3895351859375 0.807025 0.3967231484375 0.8350390624999999
2 0.397 0.8080078125 0.4351518515625 0.7922796875 0.42906944375 0.791296875 0.3884296296875 0.806040625 0.397 0.8080078125
2 0.43072870312499995 0.791296875 0.43763981406249997 0.7917875000000001 0.42409351875 0.77704375 0.41939351875 0.7780265625 0.43072870312499995 0.791296875
2 0.14071944375 0.803584375 0.0008296296875 0.8350390624999999 0.0049759265625 0.8458515625 0.1205379625 0.8163625 0.2479870375 0.782940625 0.305490740625 0.7637734375 0.29885555625000004 0.7618078125000001 0.23278148125000003 0.780484375 0.14071944375 0.803584375
2 0.6640629625 0.9756046875 0.67954444375 0.9716734375 0.5844416671875 0.8935265625 0.5733833328125 0.8949999999999999 0.6640629625 0.9756046875
2 0.5830592593749999 0.8905765625000001 0.5955 0.8458515625 0.5880351859374999 0.84339375 0.5697888890625 0.8920515625000001 0.5830592593749999 0.8905765625000001
2 0.5861 0.8453609375 0.596052778125 0.8424109375000001 0.5485009265625 0.8143968750000001 0.5407601859375 0.8163625 0.5861 0.8453609375
2 0.5487777781250001 0.8148875 0.564259259375 0.796703125 0.5576240734375 0.7957203125000001 0.5396546296875 0.8153796874999999 0.5487777781250001 0.8148875
2 0.5562425921874999 0.7957203125000001 0.5623240734375 0.7942453125 0.531084259375 0.780975 0.5272138890625 0.7819578125 0.5562425921874999 0.7957203125000001
2 0.555965740625 0.7799921875 0.5526481484375 0.7814671875 0.58969444375 0.8399546875 0.694197221875 0.9967390625 0.71271944375 0.999196875 0.5874824078125 0.8247171874999999 0.555965740625 0.7799921875
2 0.8049796296875 0.9328453124999999 0.6712509265625 0.8335640625 0.5963296296875 0.7745859375 0.5924583328125 0.7765515625 0.7259111109374999 0.8866453125 0.8356666671875 0.969215625 0.88543055625 0.9996875 0.9014648140625001 0.9932984375 0.8049796296875 0.9328453124999999
2 0.7767805562500001 0.8006343749999999 0.7806509265625 0.7991609375000001 0.758534259375 0.791296875 0.75576944375 0.7932625 0.7767805562500001 0.8006343749999999
2 0.8494898140625 0.8227515625 0.8475546296875001 0.8242265625 0.8846009265625 0.83405625 0.8917888890624999 0.8315984375 0.8541898140624999 0.8207859375 0.8494898140625 0.8227515625
2 0.4423398140625 0.7588578125 0.4481453703125 0.7495203125 0.44538055625000006 0.7495203125 0.4387453703125 0.7588578125 0.4423398140625 0.7588578125
2 0.5449074078125 0.759840625 0.5219611109375 0.7298609375 0.5200259265625 0.734775 0.5399305562500001 0.760825 0.5449074078125 0.759840625
2 0.5720009265625 0.7588578125 0.5764240734375 0.757384375 0.541865740625 0.73084375 0.538825 0.732809375 0.5720009265625 0.7588578125