4 0.935497221875 0.802778125 0.8392870374999999 0.7879515625 0.7580888890625 0.796146875 0.5538518515625 0.796146875 0.377271296875 0.7879515625 0.23697962968750003 0.7700625 0.17361111093749998 0.7885796875 0.1979166671875 0.7993828125 0.3229166671875 0.8179015625 0.5208333328125 0.8302468749999999 0.6961805562500001 0.828703125 0.935497221875 0.802778125
2 0.1177796296875 0.8308171874999999 0.15642870312499998 0.8068625 0.152528703125 0.7999296874999999 0.11210648125 0.8245125 0.1177796296875 0.8308171874999999
2 0.104246296875 0.82514375 0.0003546296875 0.8282953125000001 0.0017731484374999998 0.83838125 0.10921018593750001 0.8301859374999999 0.104246296875 0.82514375
2 0.25990648125 0.9392390625000001 0.259197221875 0.9398687499999999 0.273734259375 0.9480640625 0.37798055625 0.885028125 0.366634259375 0.8812453124999999 0.25990648125 0.9392390625000001
2 0.36734351875 0.8806156250000001 0.37798055625 0.8825062499999999 0.366634259375 0.8352296875 0.3595425921875 0.83396875 0.36734351875 0.8806156250000001
2 0.6042018515625001 0.8881796874999999 0.6159027781249999 0.885028125 0.5524333328125001 0.8434234375 0.5417962968750001 0.8465765624999999 0.6042018515625001 0.8881796874999999
2 0.610584259375 0.9676046875000001 0.61803055625 0.8888093749999999 0.6070379625 0.8900703125 0.5914370375 0.9707578124999999 0.610584259375 0.9676046875000001
2 0.73043148125 1 0.5974648140625 0.8415328125 0.5889546296875 0.8421640625 0.7116388890625001 1 0.73043148125 1
2 0.79209444375 0.9234796875000001 0.7173120374999999 0.8705296875 0.6488787031250001 0.8245125 0.6435601859375 0.8245125 0.6984851859375001 0.8680078124999999 0.8257796296875 0.9581500000000001 0.8935037031249999 0.9947109375000001 0.9062685187499999 0.986515625 0.79209444375 0.9234796875000001
2 0.8271083328125 0.8309124999999999 0.834202778125 0.8274437499999999 0.8049361109375001 0.817353125 0.7990824078125 0.82050625 0.8271083328125 0.8309124999999999
2 0.98089351875 0.8684375 0.9842638890625001 0.8659140624999999 0.9360175921874999 0.8545624999999999 0.9308731484375 0.85803125 0.98089351875 0.8684375
2 0.553415740625 0.7981171875 0.5590916671875 0.795909375 0.5112 0.7467171875 0.5099583328125 0.7498703124999999 0.553415740625 0.7981171875
2 0.5544796296875 0.7586999999999999 0.5273416671875 0.7407250000000001 0.5257444437500001 0.7429328125 0.5241481484375 0.7419875 0.545078703125 0.7555468750000001 0.59368055625 0.7905484375 0.5988240734375 0.7905484375 0.5544796296875 0.7586999999999999
2 0.407434259375 0.7911796875 0.41098240781250006 0.78298125 0.4063703703125 0.78235 0.40246759218749995 0.7902328125 0.407434259375 0.7911796875