4 0.7791879625 0.7834171875 0.806897221875 0.77748125 0.7574888890625 0.7667984375 0.6473203703125 0.7685796875 0.47739444375 0.7620515625000001 0.3708990734375 0.756709375 0.2927796296875 0.750775 0.2577259265625 0.7626453125 0.28243055625 0.7679859375 0.36355462968749996 0.7745140625 0.43199259218749997 0.7780750000000001 0.6319638890625 0.7840109375 0.7791879625 0.7834171875
2 0.24136851875 0.7834171875 0.2543879625 0.7679859375 0.24938055625 0.7679859375 0.2360268515625 0.7846046875 0.24136851875 0.7834171875
2 0.1679231484375 0.7899453125 0.1689240734375 0.7905390625 0.1746 0.7941 0.23903148125 0.785196875 0.2360268515625 0.7816359375 0.1679231484375 0.7899453125
2 0.136875 0.8190265625 0.17293055625 0.7941 0.1672546296875 0.7893515625 0.12852962968749998 0.814871875 0.136875 0.8190265625
2 0.27241574062499996 0.9880859375 0.2884398140625 0.9210203124999999 0.27441851875 0.9163609375 0.2593953703125 0.9880859375 0.27241574062499996 0.9880859375
2 0.020427778125 0.8302156249999999 0.0237666671875 0.8349624999999999 0.1335370375 0.820125 0.12719351875 0.815378125 0.020427778125 0.8302156249999999
2 0.28810648125 0.915084375 0.380246296875 0.8616703125 0.36956388906250004 0.8587031250000001 0.2787583328125 0.9115234375 0.28810648125 0.915084375
2 0.36989722187499996 0.8587031250000001 0.3792453703125 0.859890625 0.37256851874999997 0.8213125 0.36422222187500003 0.8213125 0.36989722187499996 0.8587031250000001
2 0.3719009265625 0.82190625 0.41663518593750004 0.7999468750000001 0.40929074062500004 0.7999468750000001 0.36455555624999997 0.820125 0.3719009265625 0.82190625
2 0.40976388906250005 0.8004296875 0.41570092656249996 0.798990625 0.40369259218750003 0.7822 0.3982953703125 0.7822 0.40976388906250005 0.8004296875
2 0.5178388890625001 0.788196875 0.516759259375 0.7879562499999999 0.54968055625 0.8049875 0.55750648125 0.8052265625 0.5241796296875 0.7874765625 0.5178388890625001 0.788196875
2 0.540640740625 0.8287328125 0.5584509265625 0.8054671875 0.5511648140625 0.8049875 0.5321407406249999 0.8268140624999999 0.540640740625 0.8287328125
2 0.5871898140625 0.8647125000000001 0.59744351875 0.8647125000000001 0.5419898140625 0.8280140625 0.5351083328125 0.829453125 0.5871898140625 0.8647125000000001
2 0.587459259375 0.930196875 0.598927778125 0.8663921875 0.58961851875 0.866153125 0.57450648125 0.9294765625 0.587459259375 0.930196875
2 0.64885 0.9995171875000001 0.66949351875 0.9987984375 0.5901574078125 0.9335546875 0.5770703703125 0.9364328125 0.64885 0.9995171875000001
2 0.5531888890625 0.7857984375 0.5463074078125 0.7867578125 0.5880675921875 0.8402156250000001 0.7126018515625 0.9985265625 0.730547221875 0.9985265625 0.6114759265624999 0.8567984375 0.5531888890625 0.7857984375
2 0.9116527781249999 0.9902078124999999 0.8767296296874999 0.97221875 0.8007675921875 0.9247249999999999 0.73895 0.8837343750000001 0.65005 0.8213703125 0.594596296875 0.7808328125 0.5883898140625 0.7815531250000001 0.6478916671875 0.8263796875 0.7606731484375 0.9096125 0.8547148140624999 0.9729374999999999 0.8992398140625 0.9964437500000001 0.9116527781249999 0.9902078124999999
2 0.8044175921875001 0.8179390625 0.8084648140624999 0.815540625 0.780940740625 0.8045078125 0.7777018515624999 0.8093046875000001 0.8044175921875001 0.8179390625
2 0.9435240734375 0.85631875 0.9471666671875001 0.852240625 0.9030462968749999 0.8404875 0.8972453703125 0.843125 0.9435240734375 0.85631875
2 0.533759259375 0.7654093750000001 0.5063703703125 0.7373453125 0.5047509265625 0.7416625 0.529172221875 0.76636875 0.533759259375 0.7654093750000001
2 0.5599351859375 0.762290625 0.564252778125 0.7620515625000001 0.523775 0.7335078125 0.52148148125 0.735665625 0.5599351859375 0.762290625