4 0.8193111109375 0.7985046875 0.7523916671875 0.7850859375 0.6627759265625001 0.7833812499999999 0.53026851875 0.7718796875 0.4027925921875 0.7616562499999999 0.327075 0.752284375 0.2992796296875 0.762934375 0.3481611109375 0.773584375 0.480428703125 0.787215625 0.6201240734375 0.795309375 0.6965611109375 0.8038296875000001 0.8193111109375 0.7985046875
2 0.2592638890625 0.7838078125 0.3038324078125 0.773584375 0.2978416671875 0.7718796875 0.25327314843750004 0.7795484375 0.2592638890625 0.7838078125
2 0.23650000000000002 0.8012734375000001 0.2561481484375 0.7838078125 0.2508768515625 0.779121875 0.23027037031250003 0.7970125 0.23650000000000002 0.8012734375000001
2 0.1555101859375 0.8153296875 0.23673981406250003 0.8016984375 0.22835277812500002 0.798290625 0.14951944374999998 0.81021875 0.1555101859375 0.8153296875
2 0.09273148125 0.85366875 0.15479166718749998 0.8149046875 0.1464046296875 0.81021875 0.08434444375 0.8464265624999999 0.09273148125 0.85366875
2 0.0019166671874999998 0.8651703124999999 0.08578240781249999 0.8557984375000001 0.07811481406250001 0.8451484375 0.00071851875 0.8566499999999999 0.0019166671874999998 0.8651703124999999
2 0.3138953703125 0.987853125 0.3579851859375 0.9435515625 0.34288888906250004 0.9401437500000001 0.292809259375 0.9857234375000001 0.3138953703125 0.987853125
2 0.3594231484375 0.9392906249999999 0.3599018515625 0.86474375 0.349359259375 0.863040625 0.3457648140625 0.9367359375 0.3594231484375 0.9392906249999999
2 0.350077778125 0.8609109374999999 0.351515740625 0.8609109374999999 0.3591833328125 0.86431875 0.4090231484375 0.8293874999999999 0.399677778125 0.8285359375000001 0.350077778125 0.8609109374999999
2 0.3942333328125 0.8043578124999999 0.3991990734375 0.8285359375000001 0.40686666718750003 0.8323703124999999 0.399677778125 0.80468125 0.3942333328125 0.8043578124999999
2 0.4008759265625 0.8042546875 0.42771296249999996 0.79105 0.42052500000000004 0.78891875 0.3920101859375 0.803403125 0.4008759265625 0.8042546875
2 0.5542296296875 0.8123484375000001 0.557584259375 0.7936046875 0.5518333328125 0.795309375 0.5470416671875 0.8144781249999999 0.5542296296875 0.8123484375000001
2 0.5863379625 0.8396109375 0.5959231484374999 0.8362031249999999 0.5535111109375 0.8131999999999999 0.5477601859375001 0.8123484375000001 0.5863379625 0.8396109375
2 0.60406944375 0.8762453125 0.5956833328125 0.8383328125 0.5880157406250001 0.8396109375 0.5918490734375 0.8749687500000001 0.60406944375 0.8762453125
2 0.6769129625 0.941421875 0.6912898140625 0.9397171875 0.6059870375 0.8766718750000001 0.5928074078125001 0.8788015625 0.6769129625 0.941421875
2 0.7063851859375 0.9967984375000001 0.72291851875 0.998503125 0.69751944375 0.9409953124999999 0.682902778125 0.944403125 0.7063851859375 0.9967984375000001