4 0.659153703125 0.77546875 0.7290601859375 0.7774296875 0.697525 0.7664515625 0.6077703703124999 0.7629234375 0.5169138890625 0.7523375 0.42407222187500004 0.7464578125 0.3596453703125 0.739325 0.3438009265625 0.74685 0.3962861109375 0.7546906250000001 0.49772777812499996 0.7633156249999999 0.56565 0.7695875 0.627397221875 0.7739 0.659153703125 0.77546875
2 0.007277778125 0.86603125 0.0635120375 0.8605421874999999 0.1351824078125 0.8448609375 0.1276851859375 0.8385890625 0.053808332812500005 0.8527015625000001 0.006175 0.8577984375 0.007277778125 0.86603125
2 0.1417981484375 0.8432921875 0.18855 0.8076171875 0.181272221875 0.8025203125000001 0.132977778125 0.8381968750000001 0.1417981484375 0.8432921875
2 0.1878888890625 0.8076171875 0.25889814843750003 0.7946796875000001 0.2527231484375 0.789190625 0.18391944375 0.80134375 0.1878888890625 0.8076171875
2 0.2569129625 0.7931109375000001 0.27389351875 0.7766453125 0.26838055625 0.7719406249999999 0.25382592656249997 0.789975 0.2569129625 0.7931109375000001
2 0.2743351859375 0.77546875 0.316896296875 0.767628125 0.3124861109375 0.7656671875 0.2710268515625 0.772725 0.2743351859375 0.77546875
2 0.3179990734375 0.7672359375 0.322409259375 0.7566499999999999 0.317778703125 0.7562578125 0.31094259218750003 0.766059375 0.3179990734375 0.7672359375
2 0.3043268515625 0.9844296874999999 0.38481851875 0.9087640625000001 0.37489444375000003 0.9060203124999999 0.285140740625 0.984821875 0.3043268515625 0.9844296874999999
2 0.3753361109375 0.9048437500000001 0.38724444375 0.9048437500000001 0.38040833281249997 0.8476046875 0.3707046296875 0.8432921875 0.3753361109375 0.9048437500000001
2 0.370925 0.841725 0.3676175921875 0.8464296875 0.3779824078125 0.849565625 0.41966203750000003 0.8197703125 0.4121638890625 0.8162421875 0.370925 0.841725
2 0.41150185156249997 0.8170249999999999 0.42076388906249995 0.8201625 0.4090768515625 0.7938953125 0.40268148125 0.7938953125 0.41150185156249997 0.8170249999999999
2 0.4015953703125 0.793196875 0.40951759218749995 0.7946796875000001 0.4331138890625 0.7821328125 0.4269388890625 0.7817421875 0.4015953703125 0.793196875
2 0.4270370375 0.781315625 0.432471296875 0.7823218749999999 0.4231879625 0.77085 0.41854629687499995 0.7698437499999999 0.4270370375 0.781315625
2 0.5298333328125 0.7760828125 0.5350416671875 0.767228125 0.5301731484375 0.7676296875 0.5245129625 0.776284375 0.5298333328125 0.7760828125
2 0.5539481484375 0.7869515625 0.5301731484375 0.7754796875000001 0.5264370375 0.7770890625 0.54919351875 0.788159375 0.5539481484375 0.7869515625
2 0.5510046296875 0.8018453125 0.5540611109375 0.788159375 0.5490796296875 0.788159375 0.54534351875 0.8028515625000001 0.5510046296875 0.8018453125
2 0.5899490734375 0.8221734375 0.55225 0.8024484375000001 0.5460231484375 0.8024484375000001 0.5816851859375001 0.8241859375 0.5899490734375 0.8221734375
2 0.5943648140625 0.8547781249999999 0.5907416671875 0.8241859375 0.5833833328125 0.823984375 0.5847416671875 0.8563890625000001 0.5943648140625 0.8547781249999999
2 0.6584425921875 0.9054968750000001 0.6718018515625 0.9046921875 0.594477778125 0.8565890625 0.5861 0.857796875 0.6584425921875 0.9054968750000001
2 0.69421851875 0.9978781250000001 0.7095018515625 0.9980796875 0.6740666671875 0.9081140624999999 0.6631981484375 0.9101265625 0.69421851875 0.9978781250000001