4 0.8724537031249999 0.8052671874999999 0.8073870375000001 0.7902515625000001 0.688515740625 0.7930328125 0.5433953703125 0.7861 0.4436574078125 0.7846 0.2987425921875 0.769675 0.253071296875 0.786915625 0.2718398140625 0.7913640625 0.33721944375 0.8019296875 0.4642240734375 0.813053125 0.5737111109375 0.8158328125000001 0.799253703125 0.8152765625 0.8724537031249999 0.8052671874999999
2 0.3530074078125 0.8471093749999999 0.4039916671875 0.821390625 0.3957 0.8201359374999999 0.34665648125000004 0.843971875 0.3530074078125 0.8471093749999999
2 0.3475388890625 0.900425 0.3526546296875 0.84805 0.343834259375 0.8477359375000001 0.3350129625 0.900425 0.3475388890625 0.900425
2 0.22616481406250002 0.9807140625 0.34506851875 0.903875 0.333778703125 0.9001109375 0.2116990734375 0.9722468750000001 0.22616481406250002 0.9807140625
2 0.566647221875 0.8599671875 0.5754675921875 0.8279765625 0.5684111109375001 0.8276640625 0.5572972218750001 0.8602812500000001 0.566647221875 0.8599671875
2 0.619571296875 0.9145390624999999 0.6317444437499999 0.9107749999999999 0.5680583328125001 0.8599671875 0.5594138890625 0.861221875 0.619571296875 0.9145390624999999
2 0.629803703125 0.998590625 0.6465629625 0.9979640625 0.63491944375 0.9139109375000001 0.6222175921875001 0.9148515625 0.6220416671875 0.91579375 0.629803703125 0.998590625
2 0.8122175921875 0.9785187499999999 0.6603240734375 0.8518125 0.616925 0.8138640625000001 0.6128675921875 0.8151187500000001 0.6638518515625 0.8649859375 0.7391814812499999 0.9333562499999999 0.81856851875 0.9979640625 0.8407972218750001 0.9970234375 0.8122175921875 0.9785187499999999
2 0.8261546296875 0.8348765625000001 0.831447221875 0.8317406249999999 0.8018092593749999 0.8235859375000001 0.7984574078125 0.824528125 0.8261546296875 0.8348765625000001
2 0.5481231484375 0.79096875 0.5548268515625 0.7903421875000001 0.5154861109375 0.7357703124999999 0.51178148125 0.7367109375 0.5481231484375 0.79096875
2 0.58499444375 0.7853234375 0.58816944375 0.774346875 0.5839361109375 0.7752875 0.5800546296875 0.7850109375 0.58499444375 0.7853234375
2 0.41687037031249996 0.783128125 0.4221629625 0.776228125 0.41669351875 0.7756015625 0.41122500000000006 0.7825015625 0.41687037031249996 0.783128125