4 0.772377778125 0.7890359375 0.7341212968749999 0.776628125 0.6617425921875 0.7770875 0.528240740625 0.7662546875 0.43711203750000005 0.7637609375000001 0.34638055625 0.75595 0.32957870312500004 0.766059375 0.3419870375 0.76835625 0.3774 0.7729515625000001 0.45985925937500005 0.7793859375000001 0.5456796296875 0.78214375 0.6157851859375 0.7871078125000001 0.772377778125 0.7890359375
2 0.40751851875 0.7936171875 0.43442499999999995 0.7835125 0.4277925921875 0.7811546875000001 0.40221388906250005 0.7909234374999999 0.40751851875 0.7936171875
2 0.4124453703125 0.8097875 0.40543425937500005 0.7922703125 0.4001296296875 0.7922703125 0.4042981484375 0.8104609375 0.4124453703125 0.8097875
2 0.3684861109375 0.8313453125000001 0.4118768515625 0.8121453125 0.40391851875 0.8091125 0.36128611093749996 0.8276390625 0.3684861109375 0.8313453125000001
2 0.3542759265625 0.8680625 0.365265740625 0.8677250000000001 0.36829722187499997 0.8293234375 0.3599601859375 0.8289875 0.35977037031250003 0.8283140625 0.3542759265625 0.8680625
2 0.26280555625 0.9172421875 0.2626166671875 0.917578125 0.2734166671875 0.9216203125 0.3651240734375 0.869409375 0.3531870375 0.8673875000000001 0.26280555625 0.9172421875
2 0.24480555625 0.9836015625 0.271522221875 0.9253265624999999 0.2603425921875 0.9206109375 0.22926851875 0.9815796875 0.24480555625 0.9836015625
2 0.52864351875 0.7986703125 0.5366018515625 0.79934375 0.5445592593749999 0.7872171875 0.5392546296875 0.78688125 0.538496296875 0.7875546875 0.52864351875 0.7986703125
2 0.5563074078125 0.8168609375000001 0.5631287031250001 0.8161875000000001 0.536222221875 0.7990078125 0.5303490734375 0.8003546874999999 0.5563074078125 0.8168609375000001
2 0.5553601859375 0.8407765625 0.5640759265625 0.8155125 0.555928703125 0.8168609375000001 0.5466435187500001 0.8417875 0.5553601859375 0.8407765625
2 0.5947712968750001 0.8811984374999999 0.6067083328125 0.8801890625000001 0.5551703703124999 0.8407765625 0.5479703703125 0.8424609375 0.5947712968750001 0.8811984374999999
2 0.605571296875 0.953284375 0.6072768515625 0.8808624999999999 0.5970453703125 0.88355625 0.59155 0.9539578125 0.605571296875 0.953284375
2 0.6300138890625 0.999096875 0.6500990734375 0.999096875 0.6084138890624999 0.9569906250000001 0.5955296296875 0.9576640624999999 0.6300138890625 0.999096875
2 0.5760129625 0.782165625 0.5716546296875 0.781490625 0.660997221875 0.8714296875 0.807652778125 0.9974125 0.8300111109375001 1 0.6770046296875 0.87075625 0.5760129625 0.782165625
2 0.8437453703125 0.84785 0.8479138890625 0.8427984374999999 0.8172185187500001 0.8310078125 0.81134444375 0.8347140625 0.8437453703125 0.84785
2 0.531296296875 0.7697015625 0.5358435187499999 0.769028125 0.5161379625 0.739384375 0.51310648125 0.7424171875 0.531296296875 0.7697015625