2 0.30921111093750003 0.9010031250000001 0.1927231484375 0.9855734375 0.2195583328125 0.9866578125000001 0.322628703125 0.89991875 0.30921111093750003 0.9010031250000001
2 0.7013666671875 0.9974999999999999 0.6580648140625 0.9020859375000001 0.6422083328125 0.9053390625000001 0.6849000000000001 0.9974999999999999 0.7013666671875 0.9974999999999999
2 0.8343324078125001 0.9740484374999999 0.8802879625 1 0.900096296875 0.9986984375000001 0.7852074078125 0.9254515624999999 0.70003148125 0.8620640625 0.691315740625 0.8655859375 0.8343324078125001 0.9740484374999999
2 0.5550333328125 0.9085484375 0.6192120375 0.9064359375000001 0.6144583328125 0.896575 0.5530518515625 0.8993921874999999 0.5550333328125 0.9085484375
2 0.5305361109375 0.9094171875000001 0.52801944375 0.9000625 0.4637324078125 0.9008765625 0.46510555625 0.9098234375 0.5305361109375 0.9094171875000001
2 0.43582222187499997 0.9090109375000001 0.438109259375 0.8988421875 0.3777120375 0.8935546875 0.3738231484375 0.9037234375000001 0.43582222187499997 0.9090109375000001
2 0.31561944375 0.8981375 0.3454768515625 0.9018953125 0.3516861109375 0.8927343750000001 0.31654351875 0.8878031249999999 0.2938203703125 0.8840453125 0.287875 0.8925000000000001 0.31561944375 0.8981375
2 0.235690740625 0.8809921875000001 0.26184907343749997 0.8870984375000001 0.27043611093750003 0.8786421875 0.23833240781249998 0.8708921875 0.21904444375 0.8659593750000001 0.21098518593749999 0.8734765624999999 0.235690740625 0.8809921875000001
2 0.1669 0.8614124999999999 0.1904620375 0.8679171875 0.20179722187500002 0.8617296874999999 0.173147221875 0.8526859375000001 0.1528870375 0.8476078125000001 0.14342685156249999 0.8539546874999999 0.1669 0.8614124999999999
2 0.0916611109375 0.832059375 0.0910361109375 0.8341218749999999 0.1255759265625 0.848084375 0.1370898140625 0.8428484375 0.1171870375 0.8355499999999999 0.1084398140625 0.8323765625 0.1010324078125 0.8307890625000001 0.0916611109375 0.832059375
4 0.80516944375 0.8335140624999999 0.7817120375 0.8251734374999999 0.7518046296875001 0.812140625 0.566777778125 0.819103125 0.5061101859375 0.8200749999999999 0.401171296875 0.8161890625 0.2956861109375 0.8045296875 0.230646296875 0.79286875 0.14483703750000002 0.82201875 0.277103703125 0.8560265625 0.384227778125 0.8706015624999999 0.4918990734375 0.8754593749999999 0.602303703125 0.8735156249999999 0.80516944375 0.8481093749999999 0.80516944375 0.8335140624999999
2 0.581615740625 0.817225 0.541925 0.76649375 0.5416648140625 0.7715671875 0.57513055625 0.8176859375 0.581615740625 0.817225