4 0.729627778125 0.8170937500000001 0.89383055625 0.802778125 0.816984259375 0.7882703125 0.7124203703124999 0.7935640625 0.55223148125 0.788021875 0.40004444375 0.777515625 0.3150138890625 0.7682687500000001 0.2617398140625 0.7823875 0.3259333328125 0.79768125 0.42487129687499997 0.8112125000000001 0.5664953703125 0.819446875 0.6189907406249999 0.821296875 0.729627778125 0.8170937500000001
2 0.35005648125 0.8493875 0.3959824078125 0.8210046875 0.387309259375 0.8185515625 0.341384259375 0.84448125 0.35005648125 0.8493875
2 0.3165490734375 0.8963421874999999 0.349071296875 0.8490375 0.3407925921875 0.84448125 0.3063 0.8928375000000001 0.3165490734375 0.8963421874999999
2 0.18251851875 0.9692265624999999 0.1819268515625 0.9695765625 0.19533055625 0.9786875 0.31477499999999997 0.8998453124999999 0.3045259265625 0.8942390625 0.18251851875 0.9692265624999999
2 0.1021 0.825209375 0.0011824078125 0.838875 0.00216851875 0.8462343750000001 0.11195555625 0.83361875 0.1021 0.825209375
2 0.1168824078125 0.8325671874999999 0.17897037031250002 0.8080390625 0.17226944375 0.804184375 0.1080129625 0.8273125 0.1168824078125 0.8325671874999999
2 0.180152778125 0.8087406250000001 0.24697129687500002 0.795775 0.2406638890625 0.7922703125 0.176802778125 0.8045359375000001 0.180152778125 0.8087406250000001
2 0.5893416671875 0.8616515625 0.583822221875 0.830115625 0.5765296296875 0.8304656250000001 0.578303703125 0.8616515625 0.5893416671875 0.8616515625
2 0.6220601859375 0.921571875 0.6364490734375 0.916665625 0.58835555625 0.8637546875 0.5786981484375 0.8641046875 0.6220601859375 0.921571875
2 0.6297481484375 0.815046875 0.6224546296875 0.81715 0.6894703703125 0.8826765625 0.8075351859375001 0.9969093750000001 0.8321740734375 0.997609375 0.7030703703125 0.8830265624999999 0.6297481484375 0.815046875
2 0.52883055625 0.7291984375 0.5256768515625 0.7302484375 0.5315898140625 0.7432140625 0.5564250000000001 0.7922703125 0.564309259375 0.79086875 0.553271296875 0.771246875 0.52883055625 0.7291984375
2 0.42377407343750007 0.7842109374999999 0.42988425937499997 0.776503125 0.42535092656250006 0.7754515625 0.419240740625 0.7810578125000001 0.42377407343750007 0.7842109374999999
2 0.693878703125 0.7780640625 0.70661851875 0.7884171875 0.7119398140625 0.787015625 0.696172221875 0.7775531250000001 0.693878703125 0.7780640625