2 0.2765416671875 0.898609375 0.26555370312500004 0.8960046875 0.2640879625 0.8960046875 0.218303703125 0.986515625 0.23588518593750002 0.9832609375000001 0.2765416671875 0.898609375
2 0.34981851875 0.8467953125 0.2725324078125 0.8909062499999999 0.2841259265625 0.8981375 0.36039444375 0.8496874999999999 0.34981851875 0.8467953125
2 0.359965740625 0.8151781250000001 0.35214814843750003 0.8457953125 0.3608203703125 0.847315625 0.3674166671875 0.8158296875 0.359965740625 0.8151781250000001
2 0.40748055625 0.799109375 0.4056481484375 0.798675 0.39831944375 0.7975890625 0.359965740625 0.814309375 0.37010370312499996 0.8171328125 0.40748055625 0.799109375
2 0.6828583328125 0.9978640625 0.6038990734375 0.9201874999999999 0.5898546296875 0.9215734375 0.662103703125 0.9989734374999999 0.6828583328125 0.9978640625
2 0.5814870375 0.8572265625 0.5825268515625 0.8755578125 0.5845203703124999 0.8951203124999999 0.5868592593749999 0.915453125 0.5995101859374999 0.9148375 0.595177778125 0.89219375 0.5931851859374999 0.8741703125000001 0.5920583328125 0.85691875 0.5814870375 0.8572265625
2 0.59231851875 0.8539921874999999 0.5499481484375 0.82595625 0.54024351875 0.8261109375 0.580621296875 0.8556859375 0.59231851875 0.8539921874999999
2 0.5508555562499999 0.8033625000000001 0.5431518515625 0.8192812500000001 0.54176851875 0.8224421875000001 0.5419666671875001 0.8249000000000001 0.5500648140625 0.824665625 0.5530277781249999 0.8144828125 0.5561888890625 0.8076921875 0.55776944375 0.8033625000000001 0.5508555562499999 0.8033625000000001
4 0.53769351875 0.768775 0.482971296875 0.7682 0.44589537031250004 0.7673359375000001 0.41286759218749997 0.7647453125 0.3795166671875 0.7618671875 0.3455175921875 0.759565625 0.31409074062500003 0.755246875 0.2796018515625 0.7682 0.29838240781250003 0.7725171875 0.3372388890625 0.7762578125 0.38597037031250003 0.7814390625 0.45186388906249997 0.7869078125 0.5470833328125 0.787484375 0.53769351875 0.768775
2 0.4447916671875 0.74055625 0.4298925921875 0.7555421875 0.43498981406250004 0.75780625 0.448221296875 0.742821875 0.4447916671875 0.74055625
2 0.509775 0.7309734375 0.5038944437499999 0.719646875 0.5018361109375 0.72016875 0.5034037031249999 0.7248734375 0.5113435187500001 0.7424734374999999 0.516146296875 0.7477 0.5294759265625 0.7680875 0.5350629625 0.7680875 0.5178120374999999 0.7421249999999999 0.5154601859375 0.7396843750000001 0.512715740625 0.7355031249999999 0.509775 0.7309734375