4 0.7788101859375 0.796065625 0.844272221875 0.7857484375 0.7878638890625 0.77336875 0.6820101859375 0.7783203125 0.5968175921875 0.77419375 0.5162666671875 0.77336875 0.488875 0.77501875 0.391146296875 0.77295625 0.2980601859375 0.7580984374999999 0.2530259265625 0.7721296875 0.3500583328125 0.7931765625 0.5062851859374999 0.7977171875 0.5689611109375 0.7981296875 0.6207268515625 0.7964781249999999 0.7788101859375 0.796065625
2 0.5664074078125 0.8162874999999999 0.6149240734375 0.8930468749999999 0.6912962968749999 0.9945656250000001 0.7149731484374999 0.9962171874999999 0.6283870375 0.893459375 0.5736037031250001 0.8142234374999999 0.5664074078125 0.8162874999999999
2 0.8505398140624999 0.9681546875 0.7757925921875 0.9186328125 0.6824749999999999 0.8476515625 0.6362796296875 0.811334375 0.6279231484375 0.8129859375 0.6871175921875 0.8625078125 0.7971490734375 0.949171875 0.88095 0.9986937499999999 0.9069481484375 0.9953921875 0.8505398140624999 0.9681546875
2 0.33334444375 0.851778125 0.2001 0.9834234374999999 0.220759259375 0.9830109374999999 0.3110601859375 0.8893328125 0.3837175921875 0.8125734375 0.3776824078125 0.8100968749999999 0.33334444375 0.851778125
2 0.3277731484375 0.963203125 0.3435583328125 0.9619640625000001 0.3417018515625 0.8823171875 0.3319518515625 0.8810781249999999 0.3314879625 0.8823171875 0.3277731484375 0.963203125
2 0.3440231484375 0.881903125 0.40600277812499996 0.8410484374999999 0.39880648124999996 0.8389843750000001 0.33334444375 0.8777765625 0.3440231484375 0.881903125
2 0.40669907343749995 0.8402234375000001 0.3925388890625 0.8117484375 0.386271296875 0.8146359375 0.39718148124999997 0.839396875 0.40669907343749995 0.8402234375000001
2 0.0487481484375 0.8699359375 0.1146740734375 0.8278421874999999 0.1077101859375 0.823303125 0.0422481484375 0.8629203125 0.0487481484375 0.8699359375
2 0.11833703749999999 0.8285875 0.2081925921875 0.8152390625000001 0.2036638890625 0.8099437500000001 0.112975 0.82223125 0.11833703749999999 0.8285875
2 0.212721296875 0.8131203125 0.2327416671875 0.7904515625 0.22440000000000002 0.7891812500000001 0.20664351875000003 0.8103671875 0.212721296875 0.8131203125
2 0.95373055625 0.8618484375 0.958497221875 0.856128125 0.9078490734375 0.8432046874999999 0.902725 0.8470187499999999 0.95373055625 0.8618484375