6 0.60723055625 0.79139375 0.5027574078125 0.7919390625 0.5006129625 0.8366015625 0.61090648125 0.839325 0.724877778125 0.8208062500000001 0.6847425921875 0.7805015625 0.60723055625 0.79139375
2 0.6744796296875 0.9228390624999999 0.707465740625 0.9753093749999999 0.722222221875 0.9706796875 0.6875 0.9166671875000001 0.6744796296875 0.9228390624999999
2 0.6411379625 0.8537359375 0.6245953703125 0.8261109375 0.6160740734375 0.828784375 0.632615740625 0.8555187500000001 0.6411379625 0.8537359375
2 0.603396296875 0.7984328125 0.595015740625 0.783534375 0.587777778125 0.78624375 0.5965398140625 0.7991109375 0.603396296875 0.7984328125
2 0.5809212968749999 0.7693125000000001 0.57596944375 0.758478125 0.57025555625 0.7598328125 0.5771120375 0.7706671875 0.5809212968749999 0.7693125000000001
2 0.5668268515625 0.7476421875 0.5633981484375 0.742225 0.558065740625 0.7429015625 0.5633981484375 0.751028125 0.5668268515625 0.7476421875
2 0.350775 0.8726156250000001 0.263477778125 0.9791359375 0.28252407343749997 0.9791359375 0.35355277812499997 0.883903125 0.41743796250000004 0.8006624999999999 0.4634675921875 0.728709375 0.45830833281250005 0.7265921875 0.4095018515625 0.7999578125 0.350775 0.8726156250000001
2 0.593222221875 0.7075453125 0.5908416671875 0.7082515625 0.63250555625 0.7265921875 0.7071046296875 0.7590421875 0.8094805562499999 0.802778125 0.9229666671875 0.8429890625 0.9995499999999999 0.8669734375000001 0.9991527781249999 0.8592124999999999 0.841225 0.8070109375 0.7471824078125 0.771740625 0.6821064812500001 0.7435234375 0.593222221875 0.7075453125
3 0.6329898140625 0.7270046875 0.630759259375 0.7239203125 0.46073981406250003 0.7256828125 0.4604916671875 0.7292078125 0.545997221875 0.7296484375000001 0.6329898140625 0.7270046875
3 0.5422796296875 0.715109375 0.60250555625 0.7137875 0.5997796296875 0.710703125 0.528152778125 0.712025 0.5271611109375 0.7164312500000001 0.542527778125 0.71466875 0.5422796296875 0.715109375
3 0.48515648125000005 0.7116671875 0.46776018593749996 0.7114812500000001 0.4675518515625 0.7138890625000001 0.485 0.7148140625 0.48515648125000005 0.7116671875
2 0.4663018515625 0.706203125 0.46614629687500003 0.7081484375 0.46578148124999996 0.7096296875 0.46546851875 0.7111109375 0.46489537031249994 0.7134265625 0.46442685156249996 0.7145374999999999 0.4641666671875 0.715278125 0.4634898140625 0.716759375 0.46302129687500004 0.71851875 0.462603703125 0.720278125 0.46161481406249993 0.72305625 0.4604166671875 0.72444375 0.4597398140625 0.7253703125000001 0.4596870375 0.7258328125 0.46010462968750004 0.7263890625 0.4605731484375 0.726759375 0.461353703125 0.726759375 0.4624481484375 0.7265734375 0.4634898140625 0.7260187499999999 0.4636981484375 0.72555625 0.4672916671875 0.71555625 0.46875 0.7050921875 0.46791666718749997 0.6981484375 0.46624999999999994 0.6984265625 0.46651018593750004 0.7033328125 0.4663018515625 0.706203125
3 0.5831101859375 0.70514375 0.5794129625 0.7022859375 0.5381009265625 0.7032859375 0.5280546296875 0.7032859375 0.5275722218750001 0.7052875000000001 0.5831101859375 0.70514375
3 0.562534259375 0.696 0.5281351859375001 0.6967140625 0.5285370375 0.6992859375 0.566875 0.6984281250000001 0.562534259375 0.696
3 0.4852148140625 0.70314375 0.4687388890625 0.7034296875 0.46865833281249997 0.7058578125 0.48529537031250003 0.7062875 0.4852148140625 0.70314375
3 0.48545648124999996 0.6990000000000001 0.4855370375 0.6967140625 0.46825648124999997 0.69685625 0.46881944375 0.6991421875 0.48545648124999996 0.6990000000000001
3 0.555453703125 0.7345921875 0.5528574078124999 0.7302203125 0.54889444375 0.731434375 0.5520379625 0.73605 0.555453703125 0.7345921875
3 0.5467083328125 0.726090625 0.5432925921875 0.7209890624999999 0.54015 0.72123125 0.543702778125 0.7256046875 0.5467083328125 0.726090625
3 0.5394666671875 0.7178312499999999 0.5368703703125 0.71394375 0.5342740734375 0.7149156249999999 0.5364601859375 0.7190453125 0.5394666671875 0.7178312499999999