6 0.6376398140624999 0.82411875 0.5017148140625001 0.8286359375 0.499809259375 0.9121953125 0.6579648140625001 0.904290625 0.8021472218750001 0.8692859374999999 0.7360898140625001 0.809440625 0.6376398140624999 0.82411875
2 0.46531851875 0.7009890624999999 0.4629824078125 0.699328125 0.46251574062499995 0.7117859375 0.45737685156249996 0.7283968749999999 0.44522962968749996 0.7474999999999999 0.41953425937500005 0.788196875 0.35693148125 0.8687609374999999 0.2676981484375 0.975071875 0.283115740625 0.9767328125000001 0.3686111109375 0.8671 0.4372879625 0.77075625 0.45644259218750005 0.7400249999999999 0.4639175921875 0.721753125 0.4657861109375 0.7076328125 0.46531851875 0.7009890624999999
2 0.6694796296875001 0.8895250000000001 0.6592018515625 0.8936781249999999 0.6928388890625 0.9435109374999999 0.7031175921874999 0.9368671875000001 0.6694796296875001 0.8895250000000001
2 0.615752778125 0.8156062500000001 0.6096796296875 0.818096875 0.623227778125 0.8388609375 0.6316379624999999 0.83803125 0.615752778125 0.8156062500000001
2 0.5881888890625 0.7774 0.58118148125 0.7782312499999999 0.5909925921875 0.7940109375 0.5975324078125 0.7931812500000001 0.5881888890625 0.7774
2 0.570303703125 0.7555859375 0.565375 0.7566375 0.5728666671875 0.7650484375 0.5779916671875001 0.763646875 0.570303703125 0.7555859375
2 0.557884259375 0.740165625 0.55374444375 0.7408671874999999 0.55808148125 0.747525 0.5630101859375001 0.747175 0.557884259375 0.740165625
2 0.5464509265624999 0.72825 0.5440851859375 0.7296515625 0.54783055625 0.7342078125 0.5513787031249999 0.7335078125 0.5464509265624999 0.72825
2 0.5675490734374999 0.7031828124999999 0.6430583328125 0.73359375 0.701359259375 0.7584187499999999 0.8294824078125 0.8111734374999999 0.9967046296875001 0.8664093749999999 0.996603703125 0.8577203125 0.8262388890624999 0.8012421875 0.6865953703125001 0.747246875 0.5703416671875 0.7007 0.5675490734374999 0.7031828124999999
3 0.64305 0.7324859375 0.45759166718750005 0.7341859375 0.4572731484375 0.740134375 0.651972221875 0.7373015625 0.64305 0.7324859375
3 0.6056083328125 0.7163406250000001 0.46428333281249995 0.7177578125 0.46380555625 0.7208734375 0.6129370375 0.7208734375 0.6056083328125 0.7163406250000001
3 0.5826648140625 0.70784375 0.4646018515625 0.70784375 0.46523981406250003 0.7115265625 0.5880814812499999 0.7103937499999999 0.5826648140625 0.70784375
3 0.5678472218749999 0.6996296875 0.5262620375 0.7004796875 0.526740740625 0.7035953125 0.5680064812500001 0.7018953125 0.5678472218749999 0.6996296875
3 0.48356203750000004 0.7016125 0.4646018515625 0.7004796875 0.46539907343750003 0.703878125 0.48372129687500004 0.703878125 0.48356203750000004 0.7016125