8 0.6882787031250001 0.8463140625 0.7569120375 0.898234375 0.7800333328125 0.8926093749999999 0.70336851875 0.8463140625 0.7126166671874999 0.843284375 0.664427778125 0.822084375 0.6792740734375 0.8489093750000001 0.6882787031250001 0.8463140625
8 0.599302778125 0.7690890625 0.5831268515625 0.7621546875 0.5832416671875 0.7711296875 0.588175 0.770721875 0.598728703125 0.78255 0.6112333328124999 0.7819390625 0.5952870375 0.7705171875 0.599302778125 0.7690890625
8 0.46898611093750003 0.841465625 0.48151851875 0.8440359374999999 0.47332407343750005 0.9065890624999999 0.4983888890625 0.9014484375 0.49260462968749996 0.8483203125 0.504172221875 0.8440359374999999 0.487302778125 0.8260421875 0.46898611093750003 0.841465625
8 0.48682037031250003 0.765203125 0.48971203750000003 0.765203125 0.48826666718749995 0.773771875 0.4945324078125 0.77805625 0.49597870312500003 0.766059375 0.5017620375 0.765203125 0.49260462968749996 0.7592046875 0.48682037031250003 0.765203125
7 0.278596296875 0.8097609374999999 0.2863083328125 0.8123312500000001 0.2197925921875 0.8500343750000001 0.22798611093750001 0.8603171875 0.3118546296875 0.8080468749999999 0.28871851875 0.80461875 0.29353796249999997 0.799478125 0.2704018515625 0.7977640625 0.2684740734375 0.8157593750000001 0.278596296875 0.8097609374999999
8 0.37805648125 0.7621609375 0.3832675921875 0.7642187500000001 0.4000574078125 0.75495625 0.40700462968749995 0.75495625 0.4032416671875 0.750325 0.3913731484375 0.7523828124999999 0.39542592656250003 0.7539265625 0.37805648125 0.7621609375
2 0.3765453703125 0.8474765625 0.43040555625000004 0.7777640625 0.4521379625 0.7508859375 0.44835833281250004 0.7508859375 0.423790740625 0.776084375 0.36851388906250004 0.8457968749999999 0.316071296875 0.90963125 0.29575555625 0.9205500000000001 0.2711879625 0.95330625 0.2641018515625 0.965065625 0.24473055625 0.9852234375 0.265046296875 0.9852234375 0.301425 0.9432281250000001 0.3047324078125 0.9306281249999999 0.3259925921875 0.9188703125 0.3765453703125 0.8474765625
2 0.5334 0.756765625 0.686947221875 1 0.706790740625 0.997821875 0.538125 0.7542453124999999 0.5334 0.756765625
2 0.6170240734375 0.760125 0.6727740734375 0.7920421875 0.8305731484375001 0.860915625 0.9453796296875 0.9037515624999999 0.9501046296875 0.8987125 0.8126203703125 0.8483171875 0.7157675921875 0.8038015625 0.6217490734375 0.760125 0.6170240734375 0.760125
3 0.35665648125 0.7337359375 0.353765740625 0.738875 0.3980675921875 0.745375 0.47701666718749997 0.7549140624999999 0.5403805562499999 0.7571859375 0.6223953703125 0.7599109375 0.6174583328125001 0.756990625 0.55088055625 0.7532625000000001 0.45550277812499995 0.7481234375 0.4237101859375 0.745040625 0.35665648125 0.7337359375
3 0.2926481484375 0.724903125 0.1612388890625 0.70655625 0.1635324078125 0.7138953124999999 0.3040990734375 0.733465625 0.2926481484375 0.724903125
2 0.1594120375 0.708496875 0.156959259375 0.725209375 0.15328055625 0.7353828124999999 0.1438796296875 0.7433765625000001 0.13938333281249998 0.7484625 0.1328425921875 0.7520953125000001 0.11199722187500001 0.760815625 0.087472221875 0.76735625 0.073575 0.7724421875 0.054363889062500004 0.7804359375 0.0380138890625 0.7847953125 0.027386110937500003 0.7862484375000001 0.013897221874999999 0.7906093750000001 0.0053138890624999996 0.79496875 0.0012259265625 0.796421875 0.0053138890624999996 0.8073218750000001 0.09319444375 0.7738953125 0.1459231484375 0.7520953125000001 0.1606379625 0.7390156250000001 0.1643166671875 0.7215765625 0.1639083328125 0.714309375 0.1594120375 0.708496875