8 0.6263398140625 0.802965625 0.657322221875 0.8267828125 0.6747388890625 0.8261875 0.6373925921875 0.8038578125000001 0.6432546296874999 0.802071875 0.6174638890625 0.79105625 0.6194731484375 0.8047515625000001 0.6263398140625 0.802965625
8 0.5799870375 0.7586828125 0.5681129625 0.7537906249999999 0.566277778125 0.759259375 0.5702175921875 0.7593546875 0.57583148125 0.7678953125 0.5874351859375 0.7667437500000001 0.5761009265625 0.7596437500000001 0.5799870375 0.7586828125
2 0.5306518515625 0.7487453125 0.5264611109375 0.7506078125 0.5348425921875 0.7729578125 0.6741851859375 1 0.7035203703125 0.9918078124999999 0.5306518515625 0.7487453125
2 0.253015740625 0.9880828125000001 0.45626666718750003 0.7487453125 0.45312314843749996 0.7440890625 0.2268240734375 0.9815640625000001 0.253015740625 0.9880828125000001
2 0.665803703125 0.792515625 0.8737685187500001 0.8772609375 0.9953 0.91358125 0.9958240734375 0.9005421874999999 0.75538055625 0.823246875 0.60241851875 0.7496765625 0.5940370374999999 0.7515390625 0.665803703125 0.792515625
8 0.47250555624999996 0.803690625 0.4814111109375 0.803690625 0.4756490734375 0.8260406250000001 0.4918879625 0.836284375 0.49450648125 0.8027593749999999 0.5002694437499999 0.8027593749999999 0.48717314843750004 0.792515625 0.47250555624999996 0.803690625
8 0.48484351875 0.7562125 0.487946296875 0.7562125 0.48613611093750003 0.7654062500000001 0.4926009265625 0.7663249999999999 0.49311851874999996 0.756671875 0.4975138890625 0.755753125 0.49104907343750004 0.751615625 0.48484351875 0.7562125
7 0.33168055625 0.7769953125 0.3360324078125 0.7847328124999999 0.34225 0.779759375 0.346290740625 0.78196875 0.31489444375 0.80296875 0.32390925937500004 0.8090484375000001 0.355927778125 0.7803109375 0.346290740625 0.77644375 0.34815648125 0.773128125 0.33168055625 0.7769953125
8 0.399447221875 0.7559953125 0.4037990734375 0.7571015625 0.4140574078125 0.7493640625 0.4202740734375 0.751021875 0.4174768515625 0.7443906250000001 0.4069074078125 0.7460484375 0.410015740625 0.7488125 0.399447221875 0.7559953125
3 0.3779981484375 0.7327859375 0.37457870312499997 0.7361015625 0.4463861109375 0.7460484375 0.5237879624999999 0.751021875 0.601190740625 0.7532328125000001 0.6002583328125 0.7504703125 0.48151203750000005 0.7438374999999999 0.3779981484375 0.7327859375
3 0.3313703703125 0.731128125 0.3155166671875 0.724496875 0.21138055625000002 0.7134437499999999 0.214177778125 0.7195218750000001 0.3313703703125 0.731128125
2 0.21946296250000003 0.7294703124999999 0.21759722187500002 0.7256015625 0.21573240781249997 0.720628125 0.2101370375 0.7211796875 0.2126240734375 0.72670625 0.214177778125 0.731128125 0.2144888890625 0.7366546875 0.2138675921875 0.7421796875 0.21138055625000002 0.7460484375 0.208272221875 0.7493640625 0.20485277812499997 0.7526796874999999 0.201122221875 0.7559953125 0.196459259375 0.75820625 0.1883768515625 0.761521875 0.181227778125 0.7664953125 0.1706583328125 0.772575 0.10475740781250001 0.7941281250000001 0 0.8278375 0.0003111109375 0.837784375 0.08859351875 0.8156796875 0.16692870312500002 0.783628125 0.20951574062499997 0.7593125 0.22319259218749998 0.7438374999999999 0.22194907343749998 0.7355484375 0.21946296250000003 0.7294703124999999