8 0.65274444375 0.8241406250000001 0.6958740734375 0.8597890625 0.7179425921875 0.8562015625000001 0.6663638890625 0.8254859375000001 0.6734259265625 0.8232453124999999 0.6383675921874999 0.8075515624999999 0.6455555562499999 0.82683125 0.65274444375 0.8241406250000001
8 0.5788435187500001 0.76764375 0.587671296875 0.77840625 0.5982648140625 0.7770609375 0.586284259375 0.76764375 0.58880648125 0.7660750000000001 0.575690740625 0.7604703125000001 0.5737990734375 0.768540625 0.5788435187500001 0.76764375
2 0.6317425921875001 0.8987031249999999 0.6266685187500001 0.8840453125 0.6203259265625001 0.8716406250000001 0.6139824078125 0.8637484375 0.6070055562500001 0.8569828125000001 0.5955888890625001 0.8457062499999999 0.580365740625 0.8130062499999999 0.5537259265625 0.7825609375 0.5359666671875 0.749859375 0.5289888890625 0.7532421874999999 0.5385037031250001 0.77805 0.5746574078125 0.832175 0.624765740625 0.9212562500000001 0.6786796296875 0.9945499999999999 0.6958824078125 0.9987734375 0.686290740625 0.9776359375 0.6793138890625 0.960721875 0.6742388890625 0.9517015625 0.667896296875 0.9438078125 0.6602851859375 0.9347875 0.64886851875 0.922384375 0.6374509265625 0.9111078125000001 0.6317425921875001 0.8987031249999999
2 0.45287592656250003 0.74873125 0.43004166718750003 0.7746671875 0.39642499999999997 0.8163890625000001 0.3456824078125 0.8637484375 0.3184083328125 0.9043421875 0.229609259375 0.9798921875 0.24990648124999998 0.9934234375000001 0.4034018515625 0.8287921875 0.43574999999999997 0.7836875 0.45858425937499997 0.7509875 0.45287592656250003 0.74873125
2 0.6767768515625 0.8028578124999999 0.937465740625 0.906596875 0.941271296875 0.893065625 0.7624046296875 0.8220265625 0.6082740734375001 0.7509875 0.602565740625 0.7600078124999999 0.6767768515625 0.8028578124999999
2 0 0.8254093749999999 0.02346851875 0.8231546875 0.04059351875 0.8208984375 0.0678675921875 0.811878125 0.080553703125 0.8051125000000001 0.09704444375 0.8017296875 0.11417037031249999 0.7960921875 0.1281240734375 0.7893265625 0.14207870312499998 0.7814328125000001 0.1553981484375 0.776921875 0.16745000000000002 0.77015625 0.1756953703125 0.7667734375 0.185209259375 0.7588796875 0.19091851875000002 0.7532421874999999 0.1947240734375 0.7476046875 0.1947240734375 0.7408390625 0.1947240734375 0.7318171875 0.192821296875 0.7261796875 0.19091851875000002 0.7261796875 0.18901574062499998 0.7273078125 0.18901574062499998 0.736328125 0.18774722187499998 0.74309375 0.182672221875 0.74873125 0.170621296875 0.7588796875 0.1623759265625 0.7645187499999999 0.1534953703125 0.769028125 0.1408101859375 0.771284375 0.1306620375 0.7724109375 0.109096296875 0.7814328125000001 0.10465648125 0.7825609375 0.097678703125 0.784815625 0.08372500000000001 0.7893265625 0.0748453703125 0.7893265625 0.064696296875 0.79158125 0.0539138890625 0.7938359375 0.03805648125 0.7972187500000001 0.02600555625 0.8006015625 0.013319443750000002 0.803984375 0.003171296875 0.8084953125000001 0 0.81075 0 0.8175156250000001 0 0.8254093749999999
8 0.47063518593750003 0.8220265625 0.482052778125 0.8231546875 0.47824722187499996 0.8535999999999999 0.49220092656250003 0.860365625 0.4928351859375 0.8220265625 0.5004462968750001 0.81864375 0.48649259218749996 0.8084953125000001 0.47063518593750003 0.8220265625
8 0.48395555625000003 0.7611359375 0.4883953703125 0.7645187499999999 0.48649259218749996 0.7791781249999999 0.4915666671875 0.7881984375 0.4928351859375 0.7667734375 0.5017148140625001 0.7656453125 0.49220092656250003 0.756625 0.48395555625000003 0.7611359375
7 0.3057231484375 0.78594375 0.3127 0.7972187500000001 0.31967685156250003 0.7938359375 0.3253851859375 0.7938359375 0.27591203750000004 0.8220265625 0.28225462968750004 0.831046875 0.3323629625 0.7938359375 0.3203111109375 0.7881984375 0.3209453703125 0.7803046874999999 0.3057231484375 0.78594375
8 0.38691018593750004 0.7679015625 0.39642499999999997 0.7667734375 0.4078416671875 0.7543703125000001 0.4160870375 0.757753125 0.40974444375 0.7476046875 0.39642499999999997 0.749859375 0.4014990734375 0.7543703125000001 0.38691018593750004 0.7679015625
3 0.4301629625 0.7456921875 0.370240740625 0.7359140625 0.36763611093750004 0.7405468749999999 0.45042592656249997 0.750325 0.5306111109375 0.7575296875 0.60848055625 0.7606171875000001 0.6070333328124999 0.7575296875 0.5233740734375 0.752896875 0.4301629625 0.7456921875
3 0.303190740625 0.7258265625 0.1863879625 0.713834375 0.1895833328125 0.720146875 0.317746296875 0.7346625 0.303190740625 0.7258265625