8 0.5989583328125 0.7812953125 0.604409259375 0.781653125 0.6207611109375 0.7992390625 0.6373138890625001 0.7970859375 0.6124842593750001 0.78021875 0.6183379625 0.7791421875 0.597747221875 0.7712453125 0.5989583328125 0.7812953125
8 0.797990740625 0.904365625 0.8097722218750001 0.8988531249999999 0.727871296875 0.8655796875 0.7641481484375 0.9107234375000001 0.7758083328125001 0.9070390625 0.9208333328125 0.9990734375000001 0.9306796296875 0.9947531250000001 0.9288194437499999 0.9682984375 0.797990740625 0.904365625
8 0.45411481406250004 0.9207609375000001 0.4756333328125 0.9207609375000001 0.47266481406249994 0.9906765625 0.5067981484375 0.9946328125000001 0.49863611093750004 0.9260375 0.5186703703125 0.9220796874999999 0.48305370312499996 0.8825062499999999 0.45411481406250004 0.9207609375000001
8 0.48523981406249994 0.80383125 0.4947638890625 0.7967015625 0.49526481406249995 0.7797703125 0.50178148125 0.7779874999999999 0.49275833281250003 0.7646203125000001 0.48223148125000004 0.777096875 0.488247221875 0.7788781250000001 0.48523981406249994 0.80383125
8 0.35440555625000003 0.7762046875 0.363428703125 0.7797703125 0.382978703125 0.7655109375 0.3920009265625 0.7681843749999999 0.3909990734375 0.7565999999999999 0.370446296875 0.7601640625 0.37395555625 0.7646203125000001 0.35440555625000003 0.7762046875
7 0.20001111093750001 0.84660625 0.20803148125 0.8537359375 0.0636629625 0.93305 0.0782 0.947309375 0.24161759218749998 0.850171875 0.211540740625 0.8412593749999999 0.22306944374999998 0.8359125000000001 0.1864759265625 0.8332390625 0.18747870312499998 0.8528453125000001 0.20001111093750001 0.84660625
2 0 0.7669921875 0.0029509265625 0.7785328125000001 0.0460351859375 0.7659421875 0.099152778125 0.7386625 0.11567870312499999 0.7145296875 0.1150879625 0.6977421875 0.11036666718749999 0.6977421875 0.1091861109375 0.7113828125 0.0903 0.733415625 0.0619703703125 0.742859375 0.0489861109375 0.7491546875 0.0360018515625 0.75545 0.025378703125000002 0.7585984375 0.0200666671875 0.7585984375 0.012984259375000001 0.760696875 0.0082629625 0.7627953125 0.0035407406250000002 0.7648937499999999 0 0.7659421875 0 0.7669921875
2 0.26145648125 0.9810359375000001 0.275621296875 0.9999218750000001 0.4432370375 0.7617453125 0.442646296875 0.7565000000000001 0.33168981406250003 0.889753125 0.26145648125 0.9810359375000001
2 0.5618657406249999 0.8068625 0.5695388890624999 0.8215515625 0.5848833328125 0.8425375 0.6934796296875 0.9978234374999999 0.7135462968749999 0.9999218750000001 0.54593055625 0.7617453125 0.5376675921875 0.76384375 0.5565546296874999 0.7995187500000001 0.5618657406249999 0.8068625
2 0.7389249999999999 0.8194531250000001 0.8292249999999999 0.862471875 0.9112620375 0.8970968750000001 0.9961370374999999 0.9167328124999999 0.9956592593750001 0.9065406250000001 0.89650648125 0.8729640625 0.8014851859375 0.836240625 0.6952499999999999 0.793221875 0.6409518515625 0.7627953125 0.6309185187499999 0.7669921875 0.665740740625 0.7837796875 0.7389249999999999 0.8194531250000001
3 0.5636370375 0.7617453125 0.449728703125 0.75545 0.3423129625 0.7407609374999999 0.3340509265625 0.7439078125 0.4461879625 0.760696875 0.549472221875 0.7659421875 0.63386944375 0.768040625 0.6326898140625 0.760696875 0.5636370375 0.7617453125
3 0.2791620375 0.7376125 0.266177778125 0.7271203125000001 0.11626851875 0.7061359375 0.1168583328125 0.7187265625 0.2791620375 0.7376125