8 0.8302888890625001 0.9011640625 0.7434833328125 0.8655515625 0.788221296875 0.9165953124999999 0.8002407406250001 0.910659375 0.9328129625000001 0.9990734375000001 0.989209259375 0.99256875 0.8176018515625 0.9070984375 0.8302888890625001 0.9011640625
8 0.4782990734375 0.9861109375 0.4782990734375 0.9953703125000001 0.5078129625 0.9953703125000001 0.504340740625 0.9429015625 0.5234379625 0.9398140625 0.488715740625 0.8734562499999999 0.46614629687500003 0.9413578125000001 0.48177129687500003 0.9413578125000001 0.4782990734375 0.9861109375
8 0.0060768515625 0.9459875 0.01649351875 0.9598765625000001 0.18923611093749998 0.875 0.20225740781249998 0.882715625 0.238715740625 0.8425921875 0.1675351859375 0.8611109375 0.17274351875 0.864196875 0.0060768515625 0.9459875
2 0.2760416671875 0.9876546875000001 0.388021296875 0.828703125 0.3741324078125 0.8271609375000001 0.25781296249999996 0.9814812500000001 0.2760416671875 0.9876546875000001
2 0.7291666671875 0.9984562499999999 0.6067712968750001 0.83950625 0.590277778125 0.83950625 0.70399351875 0.9984562499999999 0.7291666671875 0.9984562499999999
2 0.0928824078125 0.7901234374999999 0.1987851859375 0.7731484375 0.2595490734375 0.757715625 0.2526046296875 0.7530859375000001 0.171875 0.7700625 0.08593796249999999 0.7793203125 0.0928824078125 0.7901234374999999
2 0.07986111093750001 0.742284375 0.07986111093750001 0.739196875 0.07986111093750001 0.733025 0.0807296296875 0.7299375 0.0807296296875 0.723765625 0.081597221875 0.7206796875 0.07899351875 0.71605 0.07638888906249999 0.71450625 0.074652778125 0.7098765625000001 0.07118055625 0.705246875 0.07118055625 0.7098765625000001 0.0720490734375 0.71450625 0.07291666718749999 0.7175921875 0.0737851859375 0.7253093749999999 0.0737851859375 0.7268515625 0.0737851859375 0.7345671874999999 0.07291666718749999 0.739196875 0.07031296249999999 0.74845625 0.06770833281250001 0.757715625 0.06336851875 0.7654328125000001 0.0616324078125 0.7716046875 0.0607638890625 0.776234375 0.0607638890625 0.7808640625 0.0651046296875 0.7824078125 0.0685768515625 0.7808640625 0.07118055625 0.766975 0.074652778125 0.760803125 0.075521296875 0.7561734375 0.0772574078125 0.75 0.078125 0.7469140624999999 0.07986111093750001 0.742284375
3 0.6041666671875 0.8333328124999999 0.4635416671875 0.8271609375000001 0.30902777812500004 0.8055562500000001 0.17100740781249998 0.7654328125000001 0.171875 0.7824078125 0.35590277812500004 0.828703125 0.4670138890625 0.8425921875 0.6206601859374999 0.8441359374999999 0.7881944437499999 0.828703125 0.7881944437499999 0.8194437499999999 0.6041666671875 0.8333328124999999
2 0.856771296875 0.8580249999999999 0.9244796296875 0.8873453124999999 0.997396296875 0.8996906250000001 1 0.885803125 0.9131944437499999 0.8703703125000001 0.7916666671875 0.8163578125000001 0.785590740625 0.8271609375000001 0.856771296875 0.8580249999999999
3 0.074652778125 0.739196875 0.00086851875 0.722221875 0 0.7438265625 0.065972221875 0.7546296875 0.074652778125 0.739196875
2 0.348090740625 0.7175921875 0.21701388906250002 0.739196875 0.2421879625 0.7453703125 0.3498268515625 0.7253093749999999 0.348090740625 0.7175921875