0 0.3428416671875 0.9462718750000001 0.412953703125 0.8228156249999999 0.26805555625 0.794325 0.10045370312499999 0.858428125 0.3428416671875 0.9462718750000001
2 0.3645833328125 0.9938265625 0.4435768515625 0.7978390625 0.4322916671875 0.7885796875 0.3342018515625 0.989196875 0.3645833328125 0.9938265625
2 0.7248268515625 0.9336421874999999 0.6163194437499999 0.8302468749999999 0.6085074078125 0.8348765625000001 0.7274305562500001 0.96450625 0.7248268515625 0.9336421874999999
2 0.059027778125 0.8688265625 0 0.8904328125 0.00086851875 0.91049375 0.06336851875 0.882715625 0.059027778125 0.8688265625
2 0.157134259375 0.8354453124999999 0.11098333281249999 0.85498125 0.1179425921875 0.856934375 0.16409351875 0.8419578124999999 0.157134259375 0.8354453124999999
2 0.22233240781250002 0.8107015625 0.19302962968749998 0.8230734375000001 0.20035555624999998 0.828934375 0.228925 0.8152593749999999 0.22233240781250002 0.8107015625
2 0.26555370312500004 0.7898640625 0.247972221875 0.7983296875 0.2531 0.8041890625000001 0.2736120375 0.794421875 0.26555370312500004 0.7898640625
2 0.2974203703125 0.7761890625000001 0.2856990734375 0.784003125 0.291559259375 0.7879109375 0.30218148125 0.780096875 0.2974203703125 0.7761890625000001
2 0.3204953703125 0.7657703125 0.30694351875 0.7742359375000001 0.31426851875 0.772934375 0.3241583328125 0.769678125 0.3204953703125 0.7657703125
2 0.450159259375 0.7813984375 0.43294351875 0.7918171875 0.44026944375 0.7937703125 0.457484259375 0.7827015625 0.450159259375 0.7813984375
2 0.44143703749999996 0.769359375 0.45072037031249995 0.78 0.45633888906250003 0.7797828124999999 0.44754444375 0.769359375 0.44143703749999996 0.769359375
2 0.45633888906250003 0.7643640625 0.45548425937500003 0.76219375 0.4536518515625 0.7619765625 0.4425361109375 0.767621875 0.4490101859375 0.769359375 0.45633888906250003 0.7643640625
2 0.3636824078125 0.7464500000000001 0.3640796296875 0.7539906249999999 0.36805648125 0.754225 0.368321296875 0.746921875 0.3636824078125 0.7464500000000001
2 0.3823703703125 0.7417374999999999 0.3652731484375 0.7455078125 0.368984259375 0.7476281250000001 0.385815740625 0.7433875 0.3823703703125 0.7417374999999999
2 0.3805148140625 0.7372609375 0.38210462968750003 0.7433875 0.385815740625 0.7415015625 0.38343055625 0.737025 0.3805148140625 0.7372609375
2 0.54830648125 0.7603515625 0.5407518515625 0.7572890625 0.5366435187499999 0.7589375 0.5484388890624999 0.7636499999999999 0.54830648125 0.7603515625
2 0.54061944375 0.7568171875 0.5412824078125 0.7521046874999999 0.5374388890625 0.7528125 0.5367759265625 0.757525 0.54061944375 0.7568171875
2 0.5399564812500001 0.7509265625 0.526702778125 0.7466859375 0.5241851859375 0.7481 0.53730648125 0.7525765625 0.5399564812500001 0.7509265625