8 0.18125 0.8892921875 0.219978703125 0.8999765625 0.2700583328125 0.8536796875 0.2854166671875 0.8560546875 0.2834138890625 0.8299375 0.24134629687500003 0.8429968750000001 0.25002685156250004 0.8465578125000001 0.18125 0.8892921875
0 0.2520296296875 0.7919515625 0.3134611109375 0.807384375 0.40293796249999997 0.8204421875 0.42029907343749995 0.7765187499999999 0.36688055625 0.768209375 0.3214740734375 0.7610875 0.2520296296875 0.7919515625
2 0.3975296296875 0.833028125 0.316896296875 0.9924156249999999 0.3501648140625 0.9904109375000001 0.40204074062500006 0.864103125 0.438128703125 0.76786875 0.4296703703125 0.76786875 0.3975296296875 0.833028125
2 0.771377778125 0.996425 0.66536944375 0.8951781249999999 0.657475 0.9001906249999999 0.7550250000000001 0.9994328124999999 0.771377778125 0.996425
2 0.6407046296875001 0.8816968749999999 0.63943148125 0.8681125 0.6275898140625 0.8600937500000001 0.6225148140625001 0.8620984375 0.6407046296875001 0.8816968749999999
2 0.23569907343750002 0.794934375 0.15901203749999998 0.8290171875000001 0.1646509265625 0.8350328125 0.2419009265625 0.7999468750000001 0.23569907343750002 0.794934375
2 0.2748259265625 0.7814046875 0.2565648140625 0.7891203124999999 0.2618074078125 0.7913703125 0.27808055625 0.7846203125 0.2748259265625 0.7814046875
2 0.2997768515625 0.7701546875 0.2876629625 0.7759406249999999 0.29290648125 0.7772265625 0.304477778125 0.771440625 0.2997768515625 0.7701546875
2 0.320027778125 0.7614765625000001 0.3100833328125 0.7662984374999999 0.314422221875 0.767584375 0.3238240734375 0.763084375 0.320027778125 0.7614765625000001
2 0.3355768515625 0.753440625 0.32906759218750004 0.755690625 0.3321416671875 0.7582625000000001 0.3379268515625 0.7550484375 0.3355768515625 0.753440625
2 0.8017620375 0.8268515624999999 0.73549351875 0.8028531250000001 0.7330398140625001 0.8072156250000001 0.797671296875 0.8312140625 0.8017620375 0.8268515624999999