8 0.2754240734375 0.819209375 0.2842518515625 0.8202546875 0.24187870312499998 0.84431875 0.2657129625 0.8542578125 0.303084259375 0.8233937499999999 0.310734259375 0.8260093749999999 0.31279444375 0.8118859374999999 0.2754240734375 0.819209375
0 0.2789546296875 0.78520625 0.3298611109375 0.7940984375 0.40342500000000003 0.8040390625 0.42519999999999997 0.7700359375 0.3695861109375 0.7648046875000001 0.3310379625 0.75748125 0.2789546296875 0.78520625
2 0.43866759218749996 0.761090625 0.28496944375 0.988596875 0.3172916671875 0.9932874999999999 0.4399870375 0.7775078125 0.43866759218749996 0.761090625
2 0.6556925921875 0.901815625 0.5844509265625 0.8150359375 0.582471296875 0.8244171874999999 0.6477768515625 0.905334375 0.6556925921875 0.901815625
2 0.9367046296874999 0.8724984375 0.7651953703125 0.8150359375 0.763215740625 0.8255890625 0.934725 0.8853984374999999 0.9367046296874999 0.8724984375
2 0.65124444375 0.768690625 0.58518055625 0.740303125 0.5845546296874999 0.74475625 0.6518703703125001 0.7742578124999999 0.65124444375 0.768690625
2 0.1236740734375 0.82991875 0.076396296875 0.8449484375 0.08171851875 0.8494015625 0.1296231484375 0.8327015624999999 0.1236740734375 0.82991875
2 0.19631296250000002 0.8048718750000001 0.1631240734375 0.8171171875000001 0.1687601859375 0.8199 0.201322221875 0.809325 0.19631296250000002 0.8048718750000001
2 0.2422120375 0.789353125 0.22187129687499998 0.7974421875 0.22561851875 0.8012484375 0.24917037031249997 0.79173125 0.2422120375 0.789353125
2 0.2772731484375 0.7774578125 0.2630879625 0.7831671874999999 0.2687083328125 0.786021875 0.28503425937500004 0.7784093750000001 0.2772731484375 0.7774578125
2 0.394959259375 0.73209375 0.36615555624999996 0.7438109374999999 0.369084259375 0.74598125 0.39910925937499997 0.73209375 0.394959259375 0.73209375
5 0.5193602687500001 0.9076704546875 0.4520202015625 0.9303977265625001 0.5159932656249999 0.9602272734374999 0.584175084375 0.9403409093749999 0.5193602687500001 0.9076704546875
5 0.2272727265625 0.8678977265625001 0.154040403125 0.8636363640625 0.178451178125 0.89630681875 0.25 0.8977272734374999 0.2272727265625 0.8678977265625001
5 0.7929292921875 0.8877840906250001 0.7601010109375 0.9190340906250001 0.8400673390625 0.921875 0.85690235625 0.8892045453125 0.7929292921875 0.8877840906250001