8 0.298097221875 0.8121953124999999 0.2610861109375 0.8360125 0.2847 0.8413718749999999 0.3143425921875 0.8166609375 0.3233851859375 0.8175531250000001 0.3242231484375 0.8026671875 0.2898916671875 0.8104078124999999 0.298097221875 0.8121953124999999
0 0.2844231484375 0.7808203125000001 0.3371324078125 0.7899125 0.408134259375 0.7988875 0.42466574062499995 0.7676015625 0.3649388890625 0.7622296875 0.33471944374999996 0.7568578125000001 0.2844231484375 0.7808203125000001
2 0.31336851875 0.9953703125000001 0.4392361109375 0.7746906250000001 0.4357638890625 0.760803125 0.2838546296875 0.9907406249999999 0.31336851875 0.9953703125000001
2 0.6397574078125 0.8811734375 0.5833333328125 0.8179015625 0.581597221875 0.8240734375000001 0.629340740625 0.8842593750000001 0.6397574078125 0.8811734375
2 0.9583333328125001 0.8780859375000001 0.7725694437499999 0.8194437499999999 0.769965740625 0.8256171875 0.9548611109375 0.8904328125 0.9583333328125001 0.8780859375000001
2 0.0616324078125 0.8487656250000001 0 0.8611109375 0.0034722218749999997 0.8703703125000001 0.06423611093750001 0.8564812500000001 0.0616324078125 0.8487656250000001
2 0.15203425937499998 0.8218343750000001 0.10959629687500001 0.8357515624999999 0.1170129625 0.8386812499999999 0.156977778125 0.825496875 0.15203425937499998 0.8218343750000001
2 0.21795648124999997 0.7983953125000001 0.1845833328125 0.8093828125 0.191175 0.8174390624999999 0.223725 0.801325 0.21795648124999997 0.7983953125000001
2 0.25545 0.78228125 0.23526111093750002 0.7947328125 0.2410296296875 0.79693125 0.2649259265625 0.7866765625000001 0.25545 0.78228125
2 0.6555175921874999 0.7698296874999999 0.585475 0.7390656250000001 0.5846509265625001 0.7456578125 0.65386944375 0.777153125 0.6555175921874999 0.7698296874999999
5 0.51851851875 0.890625 0.5143097640625001 0.8835227265625001 0.45538720625 0.9019886359375 0.5151515140625 0.9303977265625001 0.572390571875 0.90625 0.51851851875 0.890625
5 0.25 0.8508522734374999 0.1877104375 0.84943181875 0.21464646406250001 0.8764204546875 0.2735690234375 0.875 0.25 0.8508522734374999
5 0.7601010109375 0.8735795453125 0.7323232328125 0.890625 0.8021885515625 0.89630681875 0.8207070703125 0.8735795453125 0.7601010109375 0.8735795453125