4 0.3391925921875 0.8094125 0.2428388890625 0.7893515625 0.15690092656250001 0.8233015625 0.2428388890625 0.8526234374999999 0.3990888890625 0.8773140625 0.5700953703125 0.8850296875 0.67513055625 0.8742281249999999 0.8096787031250001 0.8433640625000001 0.72895 0.8063265625 0.669053703125 0.8155859375000001 0.5822481484375001 0.818671875 0.43901944375 0.8217578124999999 0.3391925921875 0.8094125
2 0.3389018515625 0.9073984375 0.24834537031249998 0.9842671875000001 0.2648101859375 0.9878937499999999 0.3505648140625 0.9122765625 0.3389018515625 0.9073984375
2 0.6455611109375 0.9147484374999999 0.6750601859375001 0.9976828125000001 0.6901527781250001 0.99524375 0.6572231484375 0.9147484374999999 0.6455611109375 0.9147484374999999
2 0.9590796296875 0.903771875 0.8685231484375 0.859865625 0.8602907406250001 0.868403125 0.9515333328125 0.9110890625 0.9590796296875 0.903771875
2 0.052825 0.851328125 0.0946731484375 0.8354734374999999 0.09055648125 0.825715625 0 0.852546875 0.0020583328125 0.8610843750000001 0.052825 0.851328125
2 0.4033009265625 0.793034375 0.38547592656249996 0.8152171875 0.39884444375 0.81759375 0.41355092656250003 0.7946187499999999 0.4033009265625 0.793034375
2 0.57244351875 0.8231734375 0.5636518515625 0.80754375 0.557790740625 0.8104374999999999 0.5665824078125 0.8237515625 0.57244351875 0.8231734375
2 0.42037870312500003 0.7687578125 0.41549351874999996 0.7757046875 0.4246111109375 0.7785984375 0.42819351875 0.7716515625 0.42037870312500003 0.7687578125
2 0.5376018515625 0.7780203125 0.531740740625 0.7687578125 0.5284851859375 0.7704953125 0.531740740625 0.7791781249999999 0.5376018515625 0.7780203125
2 0.72906851875 0.8069640625 0.6137981484374999 0.7612328125000001 0.6124953703125 0.76296875 0.7235324078125001 0.8127531250000001 0.72906851875 0.8069640625
2 0.43470555624999996 0.7618109375000001 0.4373101859375 0.75544375 0.43079814843750003 0.75544375 0.42786759218750003 0.7606531249999999 0.43470555624999996 0.7618109375000001
2 0.2885009265625 0.767021875 0.22630740781249997 0.788440625 0.2311916671875 0.791334375 0.2930601859375 0.7716515625 0.2885009265625 0.767021875