8 0.482597221875 0.8477390625 0.475427778125 0.919278125 0.5106833328125 0.920703125 0.49778148125 0.8495578125 0.51015 0.848528125 0.4893166671875 0.8228875 0.47061944375 0.847103125 0.482597221875 0.8477390625
9 0.2783203703125 0.8235671874999999 0.26062037031249996 0.8329718749999999 0.2530925921875 0.8289937500000001 0.2675370375 0.8217593750000001 0.22603333281250002 0.8282703124999999 0.21850555625 0.8485250000000001 0.24027500000000002 0.835503125 0.24759907343749998 0.8402046875 0.1985675921875 0.869140625 0.22338888906249998 0.8767359375 0.2925620375 0.8264609374999999 0.3037518515625 0.8297171875 0.3137203703125 0.8069296874999999 0.2691648140625 0.8213968749999999 0.2783203703125 0.8235671874999999
8 0.6917370375 0.8412625 0.7675518515624999 0.8942125000000001 0.79080648125 0.8882656250000001 0.7067833328125 0.83950625 0.7173861109375 0.8381828125 0.6656157406250001 0.8194593749999999 0.6826583328125 0.842678125 0.6917370375 0.8412625
2 0.3818398140625 0.825884375 0.2600740734375 0.9835328125 0.2958101859375 0.989415625 0.3851481484375 0.8470609375 0.3818398140625 0.825884375
2 0.7221833328125 0.9934796875 0.640077778125 0.889546875 0.6271824078125 0.8910750000000001 0.70541851875 0.9965375 0.7221833328125 0.9934796875
2 0.5904231484375 0.8281609375000001 0.549075 0.7747015625 0.54209351875 0.7766109375 0.58183148125 0.829115625 0.5904231484375 0.8281609375000001
2 0.5384611109375 0.76225 0.5242046296875 0.7433984375 0.52008055625 0.7446546875 0.533159259375 0.7645546875 0.5384611109375 0.76225
2 0.840827778125 0.85305 0.8718185187499999 0.8645531249999999 0.944697221875 0.8887703124999999 0.9988453703125 0.9026953125 0.9991851859375 0.88998125 0.9487833328124999 0.8821109375 0.8789703703124999 0.8584984375 0.8479796296875 0.8469953125 0.840827778125 0.85305
2 0.7583953703125 0.8147546875 0.6561416671875 0.7714140625 0.6493018515625 0.7742203125 0.7491 0.8169375000000001 0.7583953703125 0.8147546875
2 0.6342175921875 0.7626828125 0.59563148125 0.7433515625 0.591422221875 0.747715625 0.6259740734375 0.7642421875000001 0.6342175921875 0.7626828125
2 0.6780120375 0.754159375 0.618402778125 0.73530625 0.6165740734375 0.73920625 0.676184259375 0.7600109374999999 0.73725648125 0.7762640625 0.8169796296875 0.79771875 0.914622221875 0.8178734375 0.9990990734375 0.8367265625 0.9990990734375 0.828275 0.916084259375 0.8113718750000001 0.8169796296875 0.7918671875000001 0.739084259375 0.7710640625 0.6780120375 0.754159375