2 0.4163416671875 0.8145187500000001 0.4163416671875 0.8117296875 0.4112416671875 0.8082421875 0.2856898140625 0.9875140625000001 0.3089851859375 0.9913078125 0.4163416671875 0.8145187500000001
2 0.44824814843749994 0.75505625 0.42692777812499993 0.7864265625 0.43320370312499995 0.7881812499999999 0.4524138890625 0.7567984375 0.44824814843749994 0.75505625
2 0.47312129687500004 0.721828125 0.4521638890625 0.7495234375 0.45712037031249997 0.750059375 0.47542592656249993 0.72319375 0.47312129687500004 0.721828125
2 0.4271231484375 0.7196765625 0.38925555625 0.735365625 0.3903546296875 0.740440625 0.4310648140625 0.7221140625 0.4271231484375 0.7196765625
2 0.0579861109375 0.847425 0.00104351875 0.8603609375 0.0002629625 0.8762390625 0.068109259375 0.8569875 0.2240703703125 0.8069296874999999 0.30094351874999997 0.7765578125 0.298728703125 0.7703703125 0.1804138890625 0.8114296875000001 0.0579861109375 0.847425
2 0.06891111093749999 0.7634703125 0.0342611109375 0.7650109375 0.0372925921875 0.771684375 0.0717990734375 0.77014375 0.06891111093749999 0.7634703125
2 0.1269518515625 0.7593625 0.097209259375 0.7614171875 0.1008361109375 0.7665546875 0.12983888906250002 0.7632140625 0.1269518515625 0.7593625
2 0.174740740625 0.753203125 0.14961851875 0.757565625 0.15216944375000002 0.761471875 0.1767620375 0.757309375 0.174740740625 0.753203125
2 0.2656009265625 0.739953125 0.191246296875 0.7520171875 0.1944046296875 0.755465625 0.26704444375 0.743803125 0.2656009265625 0.739953125
5 0.5042087546875 0.88494318125 0.44444444375 0.9076704546875 0.509259259375 0.9303977265625001 0.5740740734374999 0.9105113640625 0.5042087546875 0.88494318125
5 0.24410774375000002 0.8508522734374999 0.17424242343750002 0.8508522734374999 0.202861953125 0.8835227265625001 0.2769360265625 0.8835227265625001 0.24410774375000002 0.8508522734374999
5 0.0740740734375 0.796875 0.0235690234375 0.7855113640625 0.025252524999999998 0.8039772734374999 0.07744107812499999 0.8167613640625 0.0740740734375 0.796875