8 0.36064814843750004 0.7926328125000001 0.355497221875 0.79505 0.35170555625 0.7960671875 0.3497740734375 0.7961953125 0.3464833328125 0.7978484375 0.3448370375 0.7991203125 0.34147500000000003 0.800646875 0.33982962968749997 0.802171875 0.3330324078125 0.80560625 0.3402583328125 0.80560625 0.34054444375 0.8058609375 0.3392574078125 0.8077687499999999 0.3323888890625 0.8122203125 0.3242333328125 0.8175625 0.3132870375 0.8253203125 0.3021259265625 0.832315625 0.292753703125 0.8381671875000001 0.2939703703125 0.8385484375000001 0.3147175921875 0.841728125 0.352421296875 0.8071328125000001 0.3625083328125 0.80815 0.363653703125 0.79759375 0.3635101859375 0.7927609375 0.36064814843750004 0.7926328125000001
2 0.4352240734375 0.786446875 0.379077778125 0.93013125 0.3536861109375 0.9854421875 0.37264074062499997 0.9879859375000001 0.41376666718750005 0.87481875 0.43736944375000003 0.8036125000000001 0.4352240734375 0.786446875
2 0.14340555625 0.8373078125 0.00500648125 0.8805406250000001 0.0193111109375 0.8900765625 0.1190879625 0.8595593750000001 0.255340740625 0.8080624999999999 0.3218583328125 0.7762749999999999 0.30826851875 0.7730953125 0.2481888890625 0.797890625 0.14340555625 0.8373078125
2 0.1022796296875 0.7724593750000001 0 0.7775453125 0.0025037031250000003 0.78771875 0.10585555625000001 0.77818125 0.1022796296875 0.7724593750000001
3 0.26893055625 0.7711875 0.3300833328125 0.7775453125 0.4380851859375 0.7858109375 0.4377268515625 0.7788171875 0.34581851874999997 0.77373125 0.27036111093750004 0.765465625 0.26893055625 0.7711875
3 0.267297221875 0.762128125 0.3206861109375 0.7690187500000001 0.3760129625 0.775284375 0.3756601859375 0.769959375 0.32544351875 0.7655734375 0.2717018515625 0.756803125 0.267297221875 0.762128125
3 0.373722221875 0.7483453124999999 0.33654351875 0.743959375 0.3361916671875 0.7505375 0.37336944375000003 0.7536703124999999 0.373722221875 0.7483453124999999
2 0.365440740625 0.7154546875000001 0.33830555625000003 0.7239125 0.337953703125 0.7317421875 0.367378703125 0.72171875 0.365440740625 0.7154546875000001
3 0.7828342593750001 0.7593093750000001 0.6834574078125 0.7730921875 0.58586851875 0.7771640625 0.5881583328125 0.7818625 0.67396851875 0.7799828125 0.7724648140625 0.7680796875 0.82814444375 0.7586828125 0.861772221875 0.7505375 0.8489101859374999 0.7483453124999999 0.7828342593750001 0.7593093750000001
3 0.60066944375 0.756803125 0.6004925921875001 0.7615015625 0.642252778125 0.75836875 0.6951129625 0.7564890625 0.7226 0.7508515625000001 0.6938796296875 0.7505375 0.6607537031249999 0.7536703124999999 0.60066944375 0.756803125
2 0.6706203703125 0.9992546875 0.6889453703124999 0.9961234375 0.6345 0.9153046874999999 0.5908018515625 0.8529687499999999 0.5943259265624999 0.87145 0.6706203703125 0.9992546875
2 0.8392453703125 0.7683921875 0.7886916671875001 0.762128125 0.779865740625 0.7649468749999999 0.8107009265625 0.7702718749999999 0.8667324078125 0.77935625 0.999940740625 0.793765625 1 0.78468125 0.91800648125 0.7796703125 0.8392453703125 0.7683921875
2 0.8560000000000001 0.7452124999999999 0.8341509265625 0.74239375 0.83115555625 0.7445859375 0.8533574078124999 0.748971875 0.9074509265625 0.751790625 0.93758148125 0.75304375 0.9388148140625001 0.746778125 0.904278703125 0.74771875 0.8560000000000001 0.7452124999999999
2 0.8371462968750001 0.825090625 0.84208055625 0.820078125 0.8038444437500001 0.8100546874999999 0.797677778125 0.8128734375000001 0.8371462968750001 0.825090625