8 0.1571231484375 0.797034375 0.15603148125 0.7980046875 0.154284259375 0.7985875 0.1320101859375 0.80208125 0.0912824078125 0.8100390624999999 0.06627777812499999 0.813534375 0.0622379625 0.8145046875 0.063440740625 0.8153859375 0.07904259218750001 0.822115625 0.1673388890625 0.800646875 0.17528055625 0.803190625 0.20320185156249998 0.78888125 0.14871574062499998 0.7948984375 0.1571231484375 0.797034375
8 0.3530351859375 0.8113374999999999 0.35291759218749996 0.810290625 0.34879351875000003 0.8121750000000001 0.34631851875 0.8130124999999999 0.342665740625 0.8140609375000001 0.3406629625 0.8155265625 0.3381879625 0.8159453125 0.3351240734375 0.8163656250000001 0.3340638890625 0.817621875 0.330175 0.818878125 0.3215731484375 0.8232781250000001 0.31403148125 0.828096875 0.323340740625 0.8293531249999999 0.3166240734375 0.834590625 0.3066083328125 0.841503125 0.283865740625 0.8565859375 0.2650120375 0.8689453125 0.2562925921875 0.87606875 0.2822166671875 0.8806765625 0.33748148125 0.8306093750000001 0.34950000000000003 0.8322859375 0.35079629687499997 0.82265 0.353153703125 0.8163656250000001 0.3530351859375 0.8113374999999999
3 0.44136296249999996 0.7988593749999999 0.438484259375 0.7954484374999999 0.3534101859375 0.78805625 0.27601203750000003 0.778390625 0.2018120375 0.76815625 0.10842222187499999 0.74598125 0.09243055624999999 0.7414328125 0.08987129687499999 0.7476875 0.12473333281250001 0.7545109375 0.171427778125 0.7675875 0.2341138890625 0.779528125 0.3022379625 0.7874890625 0.3639648140625 0.7943109374999999 0.44136296249999996 0.7988593749999999
3 0.4407231484375 0.7840765625 0.336459259375 0.7766859375 0.23923148125 0.7647453125 0.14072407343749999 0.74711875 0.1077824078125 0.737453125 0.1004259265625 0.7402953125 0.1320888890625 0.7482562500000001 0.19285648125 0.7636078125 0.2945620375 0.779528125 0.39051018593750003 0.78805625 0.4397638890625 0.7908999999999999 0.4407231484375 0.7840765625
3 0.25212500000000004 0.742340625 0.19907962968749998 0.7348656250000001 0.19600740781249998 0.738890625 0.2526101859375 0.747228125 0.25212500000000004 0.742340625
3 0.352877778125 0.758153125 0.38166388906250004 0.761890625 0.4392370375 0.764478125 0.43891388906250006 0.758440625 0.40899537031250005 0.757290625 0.352877778125 0.7532656249999999 0.352877778125 0.758153125
2 0.43390000000000006 0.8423921875 0.441015740625 0.8150796874999999 0.43842870312500004 0.799265625 0.4277546296875 0.8306046874999999 0.398321296875 0.9134062500000001 0.36629999999999996 0.9913203125000001 0.38586851875 0.9904578125000001 0.41691944375 0.8975937500000001 0.43390000000000006 0.8423921875
2 0.23505555625 0.8145046875 0.1692351859375 0.8386546875 0.0964546296875 0.8656796874999999 0.0006703703125 0.89701875 0.0043666671875 0.90938125 0.038327778125 0.89471875 0.143771296875 0.8587796875 0.2052074078125 0.8343421875000001 0.3086388890625 0.788628125 0.2971574078125 0.786328125 0.23505555625 0.8145046875
2 0.0412388890625 0.7840281250000001 0.0008083328125 0.785753125 0.0009703703125 0.7961031249999999 0.06889351875000001 0.788053125 0.1491074078125 0.7779906249999999 0.1861416671875 0.769940625 0.17077870312500001 0.766778125 0.10803055624999999 0.774540625 0.0412388890625 0.7840281250000001
2 0.6075898140625 0.8593546875 0.60678148125 0.8771796875 0.6394490734375 0.9269187499999999 0.689097221875 0.9970703125 0.7059166671875 0.9970703125 0.6680740734375 0.94186875 0.6342740734375 0.89960625 0.6075898140625 0.8593546875
2 0.9111416671875 0.8383671874999999 0.9171259265625 0.8337671875 0.8682851859375 0.8222671874999999 0.860846296875 0.8245671874999999 0.9111416671875 0.8383671874999999
2 0.8190898140625 0.7671671875 0.87426944375 0.772240625 0.9408990734374999 0.781440625 0.9994416671874999 0.785465625 0.9989564812499999 0.7774156249999999 0.9418694437499999 0.774253125 0.8773416671875 0.767353125 0.834809259375 0.762465625 0.8190898140625 0.7671671875
3 0.6051638890625 0.788053125 0.6054870375 0.791790625 0.68990648125 0.785465625 0.7544333328125 0.776840625 0.841925 0.7616031249999999 0.904996296875 0.747228125 0.8938379624999999 0.744928125 0.8306046296874999 0.759015625 0.75750555625 0.773103125 0.6808500000000001 0.782015625 0.6051638890625 0.788053125
3 0.6025759265625 0.766778125 0.66645648125 0.7627531249999999 0.7136796296875 0.756715625 0.7102833328125 0.752978125 0.66403055625 0.757578125 0.6050018515625 0.762465625 0.6025759265625 0.766778125