8 0.5885324078124999 0.8147125000000001 0.597197221875 0.8152203124999999 0.6153833328125 0.8441671875000001 0.6396629625 0.8431515624999999 0.6151925921875 0.8140359374999999 0.621952778125 0.8140359374999999 0.5943407406250001 0.7976171875 0.5885324078124999 0.8147125000000001
11 0.724465740625 0.798590625 0.7304574078125 0.8026875 0.7232666671875 0.80940625 0.778115740625 0.8372671875 0.798396296875 0.8325140624999999 0.757375 0.8130124999999999 0.7536870375 0.799409375 0.724465740625 0.798590625
3 0.6903888890625 0.7943390625 0.6144509265625 0.7894796875 0.5321351859375001 0.7883984374999999 0.410027778125 0.7775984375 0.40854351875 0.782459375 0.5191083328125 0.7948796875 0.60598055625 0.795959375 0.6980166671875 0.8002796875 0.7642 0.7948796875 0.7602509265624999 0.7894796875 0.6903888890625 0.7943390625
3 0.47009999999999996 0.7578625 0.43286851875 0.753740625 0.4310648140625 0.7596953125 0.471903703125 0.7629015625 0.47009999999999996 0.7578625
3 0.47203240781250005 0.7503046875 0.4395675921875 0.7470984374999999 0.4378925921875 0.7509921875 0.47203240781250005 0.753740625 0.47203240781250005 0.7503046875
3 0.6033101859375 0.76175625 0.6029240734375 0.7574046875 0.563759259375 0.7558015625000001 0.53065 0.7539703125 0.5300870375 0.7585734375000001 0.571747221875 0.7606109375 0.6033101859375 0.76175625
3 0.5300324078124999 0.76955 0.60318148125 0.7722921875 0.602022221875 0.767253125 0.5291046296874999 0.764046875 0.5300324078124999 0.76955
3 0.6918166671875 0.7622140625 0.6579342593749999 0.759925 0.6581916671875 0.76565 0.698128703125 0.7649625 0.6918166671875 0.7622140625
3 0.72428148125 0.775728125 0.7210611109375 0.7722921875 0.6580629625000001 0.771146875 0.6579342593749999 0.7764140625 0.6588361109374999 0.7761859375 0.72428148125 0.775728125
3 0.796297221875 0.7651890625 0.89498055625 0.7638171875 0.8953675921875 0.759925 0.7959111109375 0.759465625 0.796297221875 0.7651890625
3 0.8885398140625 0.76954375 0.8319833328125 0.7700015625 0.8336583328125 0.773665625 0.8860916671875 0.774353125 0.8885398140625 0.76954375
2 0.8751407406249999 0.8304656250000001 0.76421851875 0.7913015624999999 0.7604824078125 0.7945078125 0.8746259265624999 0.8361921875 0.8751407406249999 0.8304656250000001
2 0.657134259375 0.7978625 0.649021296875 0.7985625 0.760465740625 0.8790265625 0.9383055562499999 0.9963046875 0.949621296875 0.9837796875 0.9071361109374999 0.9572125 0.7500046296875 0.8592890625 0.657134259375 0.7978625
2 0.5294648140625 0.7929296875 0.5219925921875 0.7921703124999999 0.521565740625 0.7929296875 0.5217796296875 0.8297453125 0.541847221875 0.9959859375000001 0.5606351859375 0.9978828125 0.5478259265625 0.9257703125000001 0.53309444375 0.8354374999999999 0.5294648140625 0.7929296875
2 0.40661944375000003 0.7758499999999999 0.3476953703125 0.8308828125 0.24884722187500002 0.9018578125 0.1189259265625 0.9887734375000001 0.153928703125 0.983840625 0.23356203749999999 0.9284265625 0.3223759265625 0.8688375 0.37105277812500004 0.8229124999999999 0.43438240781250004 0.7557328125 0.4288231484375 0.7538359375 0.40661944375000003 0.7758499999999999