11 0.7520481484375 0.8167031250000001 0.7444629625 0.8232203124999999 0.8153824078125 0.85693125 0.8369990734374999 0.8519859375 0.78516851875 0.8297375 0.7777101859375 0.8137812500000001 0.7444629625 0.8119828124999999 0.7520481484375 0.8167031250000001
8 0.5989583328125 0.8351312500000001 0.6075546296875001 0.8337828125 0.6341018515625 0.8746859375 0.6622925921875 0.870415625 0.6285398140625 0.8333328124999999 0.6351129624999999 0.8310859374999999 0.6016129625 0.8117578125 0.5989583328125 0.8351312500000001
2 0.37495555625 0.8152265625 0.4268888890625 0.7628421875 0.419890740625 0.7621875 0.366115740625 0.8126078124999999 0.32670462968749997 0.8525499999999999 0.3325981484375 0.8538593750000001 0.37495555625 0.8152265625
2 0.43333981406250005 0.7359859375 0.4352620375 0.7384921875 0.436159259375 0.7439578124999999 0.4282148140625 0.7544375 0.43333981406250005 0.7553484375 0.43987499999999996 0.7439578124999999 0.43987499999999996 0.7375812500000001 0.43551851875 0.733025 0.43333981406250005 0.7359859375
3 0.4679351859375 0.7546640625000001 0.436159259375 0.752159375 0.4300083328125 0.7564875 0.46806388906249996 0.7594484375 0.4679351859375 0.7546640625000001
3 0.4678074078125 0.7665093749999999 0.4265490734375 0.7614984375 0.4250111109375 0.7651421875 0.4670388890625 0.77129375 0.4678074078125 0.7665093749999999
3 0.7306148140625 0.8052343750000001 0.6416916671874999 0.807284375 0.4803111109375 0.8002218750000001 0.3984824078125 0.7913390625 0.39591944375 0.79384375 0.3963101859375 0.79475625 0.50161851875 0.8075109375 0.62004444375 0.8120671875 0.7054509265625 0.8118390625 0.7877611109375 0.8063734374999999 0.7822518515625 0.802271875 0.7306148140625 0.8052343750000001
3 0.6004231484375 0.7769874999999999 0.5253379625 0.77129375 0.5259787031250001 0.7781265625 0.6014481484374999 0.782 0.6004231484375 0.7769874999999999
3 0.6002953703125 0.764459375 0.527003703125 0.7614984375 0.52661944375 0.76628125 0.5995259265625 0.769015625 0.6002953703125 0.764459375
3 0.7074129625000001 0.7678765624999999 0.6534694437499999 0.7676484375 0.653853703125 0.77334375 0.712153703125 0.7724328125000001 0.7074129625000001 0.7678765624999999
3 0.7362425921875 0.7840499999999999 0.7334231484375 0.7808609375 0.65295648125 0.7804046875 0.6533416671875 0.785415625 0.6533416671875 0.7845046875 0.7362425921875 0.7840499999999999
2 0.78083148125 0.8066000000000001 0.840540740625 0.826190625 0.8595046296875 0.8321125 0.8591203703125 0.825734375 0.8228592593749999 0.8148015624999999 0.7855731484375 0.8034109375 0.78083148125 0.8066000000000001
2 0.9436870374999999 0.9945265624999999 0.9526555562500001 0.9849593750000001 0.9371518515625 0.9785812500000001 0.9331796296875 0.9708359375000001 0.9189574078125 0.9628640624999999 0.850278703125 0.9271015625000001 0.774297221875 0.8790374999999999 0.713178703125 0.841225 0.6694861109375 0.8100171875 0.66269444375 0.81115625 0.6875527781249999 0.8309734375 0.7594342593750001 0.8790374999999999 0.8522009265625 0.9398578125 0.9229296296875 0.9776703124999999 0.9298481484375 0.988603125 0.9436870374999999 0.9945265624999999
2 0.5340509265625 0.84691875 0.5287981484375 0.8075109375 0.5217509265625 0.8054609375 0.522903703125 0.8553468750000001 0.5340509265625 0.9318843749999999 0.5440453703125 0.9981703124999999 0.56185555625 0.997259375 0.5453268515625 0.91275 0.5340509265625 0.84691875
3 0.80776851875 0.7662 0.77869444375 0.766578125 0.78050555625 0.7701749999999999 0.81043055625 0.769796875 0.8464259265624999 0.770553125 0.8739018515625 0.7694171875 0.874647221875 0.766578125 0.8349240734375 0.7654421874999999 0.80776851875 0.7662