2 0.4353509265625 0.746528125 0.35396851875 0.7954718749999999 0.2144990734375 0.8578625000000001 0 0.9579015625 0.019060185937499998 0.96758125 0.15429444375 0.90841875 0.33309351875000004 0.815371875 0.44049444375 0.747603125 0.4771018515625 0.726628125 0.4719583328125 0.7228625 0.4353509265625 0.746528125
2 0.5291379625 0.9423031249999999 0.5273231484374999 0.8981999999999999 0.5137083328125 0.8976625 0.51340648125 0.941765625 0.5291379625 0.9423031249999999
2 0.5247453703125 0.8541953124999999 0.52391944375 0.8346828125 0.5150666671875 0.8334234374999999 0.51459444375 0.8550359375 0.5247453703125 0.8541953124999999
2 0.5230925921875 0.812440625 0.522384259375 0.800690625 0.51671944375 0.8011109375000001 0.5156574078125 0.8128609375 0.5230925921875 0.812440625
2 0.51695555625 0.7895703125 0.5219129625 0.7895703125 0.521440740625 0.7803375 0.5164833328125 0.7811765625 0.517427778125 0.7811765625 0.51695555625 0.7895703125
2 0.66275648125 0.7881515625 0.6674287031249999 0.785915625 0.6568259265624999 0.7785671875 0.6519740734374999 0.7801640625 0.66275648125 0.7881515625
2 0.6992370375 0.811153125 0.7082222218750001 0.8076390625000001 0.6893527781250001 0.79581875 0.6836018515625 0.797415625 0.6992370375 0.811153125
2 0.7592583328125 0.8418234375000001 0.7686037031249999 0.8392671875 0.7402101859375 0.82329375 0.7332009265625 0.8255296875000001 0.7592583328125 0.8418234375000001
2 0.864746296875 0.9002874999999999 0.876247221875 0.8948562499999999 0.8280861109375 0.8696187500000001 0.8192805562500001 0.8744109375000001 0.864746296875 0.9002874999999999
2 0.8755287031250001 0.7907078125 0.7745333328124999 0.769940625 0.7718379625 0.769940625 0.692227778125 0.7485359375 0.6539509265625 0.737034375 0.6530518515625 0.7418265625 0.7332009265625 0.7638703125 0.8622305562499999 0.7942218750000001 1 0.8207375000000001 0.9980879625 0.8105140625 0.8755287031250001 0.7907078125
5 0.4116161625 0.8309659093749999 0.3611111109375 0.84375 0.39141414218750004 0.8664772734374999 0.44360269375000005 0.84943181875 0.4116161625 0.8309659093749999
5 0.634680134375 0.8352272734374999 0.6035353531250001 0.8565340906250001 0.6590909093749999 0.8707386359375 0.6868686875 0.8480113640625 0.634680134375 0.8352272734374999