2 0.6677055562499999 1 0.5674490734375001 0.81898125 0.5589277781249999 0.8180890625 0.6506620375 1 0.6677055562499999 1
2 0.7213425921875001 1 0.686252778125 0.9722609375 0.6722166671875 0.9767171875 0.7002888890625 1 0.7213425921875001 1
2 0.6812398140625 0.9678046874999999 0.6672046296875 0.8876 0.656677778125 0.8893828125000001 0.6657 0.9704796874999999 0.6812398140625 0.9678046874999999
2 0.40152592656249997 0.8073953125 0.21103888906249998 0.9874109375 0.25164259218749996 0.990975 0.41506018593749994 0.8100687499999999 0.40152592656249997 0.8073953125
2 0.6666583328125 0.8874546875 0.602372221875 0.8484093749999999 0.5929925921875 0.8492234375000001 0.65361851875 0.8882687499999999 0.6666583328125 0.8874546875
2 0.6016861109375 0.848003125 0.6071768515625 0.821159375 0.59985555625 0.8207531250000001 0.5943648140625 0.8467828125000001 0.6016861109375 0.848003125
2 0.74215555625 0.809771875 0.738952778125 0.8109921874999999 0.73391944375 0.8134328125 0.7881398140625 0.8341749999999999 0.8817101859375001 0.8715921874999999 0.9704759265625 0.9008765625 0.9983861109375001 0.9016890625 0.9999879625 0.8947749999999999 0.9716194437500001 0.8923359375000001 0.8778203703124999 0.861425 0.79065648125 0.8288875000000001 0.74215555625 0.809771875
2 0.9630268515625 0.8767687499999999 0.8916231484375 0.844071875 0.8846675921875 0.8476437499999999 0.955453703125 0.8828125 0.9630268515625 0.8767687499999999
2 0.8828129625000001 0.84736875 0.8862129624999999 0.8435218750000001 0.8035268515625 0.8264875 0.796572221875 0.8278609375 0.7961083328125 0.8306078125 0.8828129625000001 0.84736875
2 0.7931574078125 0.8278828125000001 0.8003972218750001 0.825903125 0.776077778125 0.8065953125 0.76958055625 0.8065953125 0.7682814812500001 0.8082453125000001 0.7931574078125 0.8278828125000001
2 0.468659259375 0.73579375 0.419752778125 0.778025 0.4264601859375 0.7800109375 0.471453703125 0.736290625 0.468659259375 0.73579375
4 0.6991916671875 0.80725 0.7396490734375 0.8029140625 0.7783861109375 0.7978140625 0.81224444375 0.7922015625000001 0.8346259265624999 0.7876109375 0.8326175921875001 0.78735625 0.785559259375 0.7784296875 0.7547138890625 0.781234375 0.6877129625 0.78735625 0.64969444375 0.789396875 0.61153148125 0.7906718749999999 0.5702157406249999 0.7909265624999999 0.5317666671875 0.7906718749999999 0.4900166671875 0.789396875 0.4514240734375 0.7863359375 0.426747221875 0.7835296875 0.4131175921875 0.79934375 0.4141638890625 0.8021499999999999 0.4622259265625 0.8082703125 0.5594703703125 0.8118421874999999 0.654572221875 0.8095453125000001 0.6991916671875 0.80725
2 0.5475175921875 0.781675 0.54406944375 0.774715625 0.53894351875 0.775709375 0.5417398140625 0.7823375 0.5475175921875 0.781675
2 0.541646296875 0.7695796875 0.5386638890625 0.76345 0.5340046296875001 0.764775 0.5368 0.7700765625 0.541646296875 0.7695796875
2 0.6407120374999999 0.7712359375 0.644347221875 0.7675921875 0.6373574078125 0.762953125 0.6342814812500001 0.762953125 0.632884259375 0.7662656250000001 0.6407120374999999 0.7712359375
2 0.665409259375 0.783 0.670627778125 0.7788578125 0.65944444375 0.773721875 0.655902778125 0.774715625 0.654877778125 0.7763718749999999 0.665409259375 0.783