4 0.5368481484375 0.76385625 0.44480092656250003 0.7580484375000001 0.43404166718750004 0.770775 0.551296296875 0.7779328125 0.6831129625 0.77410625 0.7625231484375 0.7656484375 0.7300611109374999 0.757203125 0.6200296296875 0.763575 0.5368481484375 0.76385625
2 0.4253861109375 0.7736562499999999 0.314059259375 0.8750265625000001 0.1805018515625 0.9850734375 0.22889814843749998 0.9856140625 0.30443240781249997 0.9118890625 0.4031703703125 0.8140281249999999 0.43649444375 0.7749718750000001 0.4253861109375 0.7736562499999999
2 0.6545583328125 0.998778125 0.54915555625 0.78199375 0.5428740734375 0.7825078125 0.6375259265625 1 0.6545583328125 0.998778125
2 0.5691499999999999 0.7969140625 0.5785305562499999 0.78199375 0.5705379625 0.781534375 0.5597703703125 0.7955984375 0.5691499999999999 0.7969140625
2 0.5926 0.8127125 0.6034611109375 0.8113953125 0.571125 0.795159375 0.5625953703125 0.79468125 0.5926 0.8127125
2 0.594328703125 0.8390421874999999 0.6029675921875 0.8127125 0.5938203703125 0.8126984374999999 0.5849481484375 0.8421140625 0.594328703125 0.8390421874999999
2 0.64789351875 0.8842421874999999 0.6582611109375 0.8802921874999999 0.59506851875 0.840359375 0.5876638890625 0.840359375 0.64789351875 0.8842421874999999
2 0.6557925921875001 0.9632328125 0.672577778125 0.96455 0.6590018515625 0.8824875000000001 0.6483870375 0.881609375 0.6557925921875001 0.9632328125
2 0.9129231484375 0.8643562499999999 0.8144324078125 0.8310046874999999 0.7465499999999999 0.803796875 0.6823703703125 0.77615 0.6748953703125 0.7800734375 0.7496898140625 0.8138890625 0.8965629625 0.8731328125 0.9980851859375001 0.8994624999999999 0.996603703125 0.8924406250000001 0.9551342593750001 0.8836640625 0.9129231484375 0.8643562499999999
2 0.95909444375 0.8798953125000001 0.9600703703125 0.8805921874999999 0.9998129625000001 0.8827875000000001 0.9993194437499999 0.87269375 0.9672296296875 0.8705 0.95909444375 0.8798953125000001
2 0.9534055562500001 0.87708125 0.9595768515625 0.8709390625 0.8909546296874999 0.8340765625 0.8837712968749999 0.840453125 0.9534055562500001 0.87708125
2 0.8803398140625 0.8375875 0.8867574078124999 0.832759375 0.7993750000000001 0.8195953125000001 0.7922879625 0.8234109374999999 0.8803398140625 0.8375875
2 0.79295648125 0.822228125 0.799127778125 0.81915625 0.7690129625 0.79896875 0.7648166671875 0.8011640625 0.79295648125 0.822228125
2 0.7625944437500001 0.8042359375 0.7709879625 0.7994078124999999 0.71668148125 0.78624375 0.7117703703125 0.7903984375 0.7625944437500001 0.8042359375
2 0.8619999999999999 0.7857828125 0.8622 0.779571875 0.8066888890625 0.77584375 0.8046129625 0.7791203125 0.8619999999999999 0.7857828125
2 0.9059416671875 0.79270625 0.864009259375 0.7799265625 0.8619129624999999 0.7836531250000001 0.9012490734374999 0.7983859375 0.9059416671875 0.79270625
2 0.9048712968749999 0.7986187499999999 0.9845666671875 0.7999828124999999 0.98346851875 0.7958999999999999 0.9761287031249999 0.796078125 0.9057416671875 0.7930609375000001 0.9048712968749999 0.7986187499999999
2 0.47267962968750005 0.7265765625 0.4373666671875 0.7572609375 0.440678703125 0.7587515625 0.4779046296875 0.7268578125 0.47267962968750005 0.7265765625
2 0.7816925921875 0.7672796875000001 0.7813749999999999 0.7698140625 0.803227778125 0.78191875 0.8054453703125001 0.7751625 0.7883425921875 0.7664359375 0.7816925921875 0.7672796875000001
2 0.7155009265625 0.78783125 0.7048916671875001 0.7746000000000001 0.7019592593749999 0.7768703125 0.7091666671875 0.7903640625 0.7155009265625 0.78783125