4 0.8733675921874999 0.78969375 0.73216851875 0.81651875 0.559334259375 0.8277046875 0.47057962968749995 0.824171875 0.3868138890625 0.8139625 0.352040740625 0.8545859374999999 0.4364898140625 0.8698937499999999 0.49278888906249996 0.8734265625000001 0.70435 0.867740625 0.8917509265625 0.82535 0.9550046296874999 0.8012109374999999 0.8733675921874999 0.78969375
2 0.4327138890625 0.755 0.37185 0.812034375 0.37939537031250004 0.8162312500000001 0.4184731484375 0.7750171875 0.4602009265625 0.7338046874999999 0.454902778125 0.732628125 0.4327138890625 0.755
2 0.5520074078125 0.8087843749999999 0.5583861109375 0.808440625 0.5529740734375 0.7957265625 0.5456175921875001 0.7965015625 0.5520074078125 0.8087843749999999
2 0.53983055625 0.78610625 0.546402778125 0.78473125 0.5415703703125 0.776828125 0.5361805562499999 0.77781875 0.53983055625 0.78610625
2 0.7161259265625 0.8026 0.7219240734375 0.7971015625 0.702015740625 0.7898859375 0.6978925921875 0.7923078125 0.7161259265625 0.8026
2 0.8002879625 0.770803125 0.73515 0.7580890625000001 0.730921296875 0.7610421875 0.7291583328125 0.7622125 0.77709351875 0.7718328125 0.8810814812500001 0.7893578125 0.88861944375 0.7869531249999999 0.8002879625 0.770803125
2 0.8585324078125 0.8571265625000001 0.979828703125 0.8934749999999999 0.998190740625 0.8941625 0.9976111109374999 0.8869453125 0.9709379625000001 0.883509375 0.8650175921875001 0.851209375 0.8585324078125 0.8571265625000001
2 0.9711314812499999 0.8800734374999999 0.97905555625 0.8766375 0.9061870375 0.8415890625 0.8990675921875001 0.8441625 0.9711314812499999 0.8800734374999999
2 0.698775 0.9816984375000001 0.6753879625 0.8947625 0.6641768515625001 0.8975109375000001 0.6862120375 0.985134375 0.698775 0.9816984375000001
2 0.6730240734375 1 0.610978703125 0.8981984375 0.6011657406250001 0.9005921875 0.6571740734375 0.9988796875 0.6730240734375 1
2 0.2558240734375 0.9865421874999999 0.34898796249999997 0.8831125 0.3265666671875 0.8769265624999999 0.219190740625 0.986 0.2558240734375 0.9865421874999999