8 0.5421703703125 0.8575265625 0.5630037031249999 0.9280171875000001 0.6011425921875 0.9223421875 0.56418055625 0.8578250000000001 0.577452778125 0.8569296874999999 0.5401546296874999 0.8267625000000001 0.529065740625 0.8575265625 0.5421703703125 0.8575265625
7 0.28293055625 0.8324374999999999 0.29637129687499997 0.8243734375 0.29855555625 0.826165625 0.218246296875 0.8829156250000001 0.24966388906249998 0.888590625 0.3333333328125 0.82526875 0.31065185156249997 0.8180999999999999 0.3198925921875 0.8106328125 0.274865740625 0.8160093749999999 0.28293055625 0.8324374999999999
2 0.3850629625 0.9206328125000001 0.3900388890625 0.9047078125000001 0.4129296296875 0.880528125 0.41790555625000003 0.8722703125000001 0.403972221875 0.8640140625000001 0.4152518515625 0.854578125 0.419896296875 0.84573125 0.4169101859375 0.8410125 0.4278583328125 0.8309875 0.4232138890625 0.8274484375 0.412265740625 0.8380640625 0.4102759265625 0.848090625 0.395347221875 0.861065625 0.40463611093749996 0.8710921875000001 0.3817453703125 0.8958625 0.3764379625 0.9117859375 0.3631675921875 0.925940625 0.3634990734375 0.94009375 0.35586944374999996 0.9566078125 0.33762314843749996 0.9743015625 0.3312981484375 0.9901296875 0.3525518515625 0.9925843750000001 0.35752777812500003 0.973121875 0.3777648140625 0.9507109375 0.37676944375 0.9277093750000001 0.3850629625 0.9206328125000001
2 0.14989074062500002 0.8308171874999999 0.007572221875 0.8691515624999999 0.0095703703125 0.884115625 0.158184259375 0.838484375 0.14989074062500002 0.8308171874999999
2 0.1883731484375 0.82786875 0.2812620375 0.7907124999999999 0.275622221875 0.7859953125 0.1807416671875 0.8199828124999999 0.1883731484375 0.82786875
2 0.819446296875 0.9405140624999999 0.7066527781249999 0.8626640625 0.6456120375000001 0.8178421874999999 0.6412453703125001 0.825871875 0.6782962968749999 0.8547078125 0.8050231484375001 0.950840625 0.8809925921874999 0.9974328124999999 0.908022221875 0.9941828125000001 0.819446296875 0.9405140624999999
3 0.7163111109375 0.7956421875 0.6505425921875 0.80036875 0.64871851875 0.8074046875 0.7179898140625001 0.8018609375000001 0.7163111109375 0.7956421875
3 0.7168703703125 0.784446875 0.6565601859375 0.7901687500000001 0.6558611109375 0.7944312499999999 0.717290740625 0.7906671875 0.7168703703125 0.784446875
3 0.698259259375 0.768775 0.6627166671875 0.7727546875 0.6631583328125 0.7798015625 0.7051166671875 0.77524375 0.698259259375 0.768775
3 0.582028703125 0.8125578125 0.5799296296875001 0.8058421875 0.525915740625 0.8050953125 0.5281546296874999 0.8120609375000001 0.5280740734375 0.8115453125000001 0.582028703125 0.8125578125
3 0.5811888890625 0.7939 0.5261953703125 0.7931546875000001 0.5263351859375 0.7988765625 0.580209259375 0.7963890625000001 0.5811888890625 0.7939
3 0.2753768515625 0.788428125 0.27775555625 0.7886765625 0.277196296875 0.789671875 0.32519259218749996 0.7976328125000001 0.426502778125 0.8063390625 0.425103703125 0.8006171875 0.31945555625 0.7899203124999999 0.280834259375 0.78270625 0.2753768515625 0.788428125
3 0.42454444375 0.788428125 0.38620277812500003 0.78519375 0.335827778125 0.78021875 0.30000462968749997 0.773253125 0.295247221875 0.776984375 0.2938481484375 0.77748125 0.3257518515625 0.78519375 0.377947221875 0.7894234375 0.42496388906250004 0.7939 0.42454444375 0.788428125
3 0.31735648125 0.7613125000000001 0.31329814843750003 0.7667843750000001 0.322253703125 0.7670343749999999 0.377947221875 0.7730046875000001 0.4213259265625 0.77524375 0.4217453703125 0.772009375 0.38382407343749997 0.768775 0.3340083328125 0.7628046875 0.31735648125 0.7613125000000001