8 0.5763398140625 0.9541812500000001 0.5915 0.9967828125 0.629890740625 0.9980874999999999 0.6122851859375 0.956790625 0.6323361109375 0.9524437499999999 0.5628916671875 0.8859328124999999 0.5567777781250001 0.9559203125 0.5763398140625 0.9541812500000001
7 0.17972407343750002 0.8655015625000001 0.17263333281249998 0.901146875 0.20442129687500002 0.883759375 0.206621296875 0.8885406250000001 0.038145370312499996 0.993740625 0.046875 0.9990734375000001 0.097809259375 0.9980874999999999 0.26212870312500003 0.8894109374999999 0.226427778125 0.8715875000000001 0.24550092656250003 0.8615890625 0.17972407343750002 0.8655015625000001
2 0.3776416671875 0.9304062500000001 0.3953101859375 0.9103031250000001 0.4090916671875 0.8945984375 0.4165129625 0.8757515625 0.41898611093750004 0.8650718749999999 0.42746759218749997 0.8537640625 0.41721944375 0.84999375 0.40979814843750006 0.8569046874999999 0.40803148125 0.8713546875 0.3928370375 0.8983671875000001 0.373047221875 0.9128171875 0.3649203703125 0.9379453124999999 0.35219814843749997 0.94988125 0.332409259375 0.9743828125 0.33211574062500004 0.9905531249999999 0.35043148125 0.9926 0.3486648140625 0.9850625000000001 0.3610333328125 0.966215625 0.3751675921875 0.9461124999999999 0.3776416671875 0.9304062500000001
2 0.20162685156250001 0.8148140625 0.034834259374999996 0.8744953125 0.04313148125 0.8825046875 0.2132888890625 0.8198390625 0.20162685156250001 0.8148140625
2 0.7685842593750001 0.9090468749999999 0.7180518515625 0.870096875 0.6784740734375 0.84245625 0.6724657406250001 0.8504390624999999 0.7233518515624999 0.885803125 0.8148759265625 0.9536515624999999 0.8915583328125001 0.9995109375 0.9131138890624999 0.9957421875 0.836078703125 0.9561640625000001 0.7685842593750001 0.9090468749999999
3 0.6963 0.8352234375 0.636397221875 0.84146875 0.6318601859374999 0.8526921875 0.6946361109375 0.84376875 0.6963 0.8352234375
3 0.69759351875 0.8141875000000001 0.6345481484375 0.8204328125 0.63399351875 0.8266781249999999 0.6955601859375 0.8201046875 0.69759351875 0.8141875000000001
3 0.6961148140625 0.795125 0.6961148140625 0.7892078125 0.6413888890624999 0.7928234375 0.6441620375 0.8000546875 0.6445796296874999 0.7990796875 0.6961148140625 0.795125
3 0.261577778125 0.8200453124999999 0.214247221875 0.8095281249999999 0.20389444375000002 0.815115625 0.235325 0.8250343750000001 0.354709259375 0.843440625 0.4541731484375 0.851 0.537740740625 0.8533015625000001 0.5916509265625 0.85415 0.5877101859375 0.8431203125 0.5573888890625 0.8447640625 0.44580833281250004 0.8423953125000001 0.3429268515625 0.8328640625 0.261577778125 0.8200453124999999
3 0.5017388890625 0.8296453125 0.551102778125 0.8312875 0.581978703125 0.8296453125 0.5797601859375 0.8227421874999999 0.5468509265625 0.8240578125000001 0.4998898140625 0.8243859375 0.5017388890625 0.8296453125
3 0.5854916671875 0.79611875 0.5265129625 0.7951328125 0.527234259375 0.8005390625000001 0.5858611109375 0.80105 0.5854916671875 0.79611875
3 0.29458148125 0.8058125 0.24244444375000002 0.7956234375 0.2379731484375 0.7998093749999999 0.2759083328125 0.8084421875000001 0.3324824078125 0.8169875 0.43139537031249997 0.8245484375000001 0.43139537031249997 0.8186312499999999 0.34764351875 0.81304375 0.29458148125 0.8058125
3 0.322128703125 0.7841203125 0.2764629625 0.7759031249999999 0.276277778125 0.78181875 0.3286 0.7897078125 0.3971916671875 0.7936515625 0.4284370375 0.7956234375 0.427327778125 0.7913515624999999 0.37056851874999996 0.788721875 0.322128703125 0.7841203125