10 0.9433231484375 0.9368531250000001 0.9067675921875 0.8977453125 0.84174444375 0.88681875 0.755046296875 0.8586375 0.7990425921875 0.9092484375 0.8132768515625 0.9046468750000001 0.9704972218749999 0.9868874999999999 0.9789074078125 0.9782609375 0.9772907406250001 0.9535312499999999 0.895121296875 0.9213250000000001 0.895121296875 0.9173 0.9433231484375 0.9368531250000001
8 0.4548398140625 0.940878125 0.4710148140625 0.941453125 0.4697203703125 0.9943640625000001 0.5143629625 0.9972390624999999 0.509834259375 0.9431796875 0.5298916671875 0.9437546875 0.4926888890625 0.8758921875000001 0.4548398140625 0.940878125
9 0.07149351875 0.8661140625 0.0271740734375 0.902921875 0.0773166671875 0.89026875 0.080875 0.8960203124999999 0.001940740625 0.9282265625000001 0.000647221875 0.95008125 0.011646296875 0.9615828125 0.170484259375 0.8793421875 0.1827768515625 0.88796875 0.22677314843750002 0.8419593750000001 0.1374870375 0.8592124999999999 0.07149351875 0.8661140625
2 0.307227778125 0.9048796875 0.3081111109375 0.9042703124999999 0.3206638890625 0.9100078125 0.347921296875 0.876215625 0.338597221875 0.8723890624999999 0.307227778125 0.9048796875
2 0.38048055625 0.8381640625 0.393065740625 0.8218624999999999 0.386053703125 0.820265625 0.37106296250000004 0.8348703125 0.38048055625 0.8381640625
2 0.40942592656250004 0.8026859375000001 0.4173370375 0.7927765625000001 0.41230277812500005 0.7908593749999999 0.40238425937500005 0.8001140625 0.40942592656250004 0.8026859375000001
2 0.103347221875 0.8114609375 0.0020416671875 0.8316437499999999 0.002422221875 0.8411328125 0.1120796296875 0.8172828125 0.1981018515625 0.7959343750000001 0.29329444374999997 0.7679890625 0.291765740625 0.7610015625 0.1961370375 0.7893359375 0.103347221875 0.8114609375
2 0.6679518515625 0.9275156250000001 0.6827981484375 0.924409375 0.650703703125 0.8890890625000001 0.6404416671875001 0.8902531249999999 0.6679518515625 0.9275156250000001
2 0.6072555562499999 0.852215625 0.61708055625 0.8475578125000001 0.6037620375 0.8316437499999999 0.593784259375 0.8316578124999999 0.6072555562499999 0.852215625
2 0.57876944375 0.8120234375000001 0.5857490734375 0.8112375000000001 0.577090740625 0.7999296874999999 0.5712583328124999 0.8008484375 0.57876944375 0.8120234375000001
2 0.9067953703124999 0.8521453125 0.80866944375 0.8207734375 0.75999351875 0.8029953125 0.7577870375 0.8093515625000001 0.8531509265624999 0.8422218750000001 0.93476851875 0.86758125 0.9988851859375 0.8796062499999999 0.998590740625 0.8751625000000001 0.9067953703124999 0.8521453125