7 0.24995555625 0.8246281249999999 0.1871879625 0.8582625 0.21456574062499997 0.8689453125 0.298477778125 0.814340625 0.2862361109375 0.8088 0.2931361109375 0.8004906249999999 0.2548518515625 0.804446875 0.24995555625 0.8246281249999999
8 0.47928796250000005 0.8470234375000001 0.491852778125 0.8499062500000001 0.48942129687499997 0.9147578125000001 0.5259 0.9154781249999999 0.514753703125 0.8506265624999999 0.5281287031249999 0.8506265624999999 0.5046203703125001 0.8182015625 0.47928796250000005 0.8470234375000001
2 0.303246296875 0.9546953125 0.3422870375 0.9061671875 0.3286379625 0.9010890625 0.28769351875 0.9479234375000001 0.303246296875 0.9546953125
2 0.37829166718749996 0.8539234375 0.39390648125 0.8338749999999999 0.3847981484375 0.833103125 0.3689953703125 0.8510781250000001 0.37829166718749996 0.8539234375
2 0.40396944375 0.8077249999999999 0.40316018593749997 0.8091984374999999 0.4119796296875 0.8109984375 0.422534259375 0.79763125 0.4147268515625 0.7927484375 0.40396944375 0.8077249999999999
2 0.1375324078125 0.8068843749999999 0 0.837553125 0.00159351875 0.8473671875000001 0.1414425921875 0.8146531250000001 0.2925629625 0.7680374999999999 0.3231546296875 0.7574062500000001 0.31993518593750003 0.750453125 0.2709416671875 0.7700812499999999 0.1375324078125 0.8068843749999999
2 0.6373481484375 0.8661765625 0.6479296296875 0.86495 0.6269981484375 0.84286875 0.6199490734374999 0.8453156249999999 0.6373481484375 0.8661765625
2 0.6817759265625 0.9172812499999999 0.7222240734375001 0.9688156250000001 0.7360249999999999 0.9598187499999999 0.6939324078125 0.9132031250000001 0.6817759265625 0.9172812499999999
2 0.5984759265624999 0.8195609375 0.6065268515625 0.8183343750000001 0.5943351859375 0.80443125 0.587790740625 0.8072015625000001 0.5984759265624999 0.8195609375
2 0.577015740625 0.7939828125 0.5836574078125001 0.7926203125 0.5757388890625 0.782403125 0.5722620375 0.7835484375 0.577015740625 0.7939828125
2 0.5665490734375 0.7724125 0.549690740625 0.7522046875 0.54816944375 0.7588578125 0.56335648125 0.7767265625 0.5665490734375 0.7724125
2 0.8974074078125 0.8441625 0.9474731484375001 0.8591484375 0.9997101859375 0.867321875 0.9983055562500001 0.8591484375 0.9239722218749999 0.8437078124999999 0.8552592593749999 0.8264515625 0.8537175921875001 0.8314187499999999 0.8974074078125 0.8441625