7 0.1437851859375 0.882003125 0.181178703125 0.86459375 0.1825138890625 0.8669671875 0.0195870375 0.9437328125000001 0.0491898140625 0.9670781249999999 0.22146574062500002 0.8661765625 0.20677500000000001 0.853909375 0.22792037031249998 0.8424343750000001 0.169159259375 0.8459953125 0.1437851859375 0.882003125
8 0.498352778125 0.93463125 0.499465740625 0.9975468749999999 0.540197221875 0.9967546875 0.5295138890625 0.935421875 0.5506592593749999 0.935421875 0.513265740625 0.8721109374999999 0.4809916671875 0.9322578125 0.498352778125 0.93463125
2 0.31537314843750003 0.9549578125 0.3477481484375 0.9092515625 0.33727407343750004 0.9024796875 0.30045462968750003 0.9470578125 0.31537314843750003 0.9549578125
2 0.38460555625000004 0.8570781249999999 0.4010629625 0.8350625 0.3919379625 0.8312968749999999 0.3757638890625 0.850778125 0.3741768515625 0.8509953124999999 0.38460555625000004 0.8570781249999999
2 0.41686944375 0.8133359375 0.4242018515625 0.801459375 0.4173574078125 0.796534375 0.40986203750000005 0.8084125 0.41686944375 0.8133359375
2 0.0553111109375 0.8330703125 0 0.8437890625 0.0032546296875 0.8514781250000001 0.106890740625 0.8276890625 0.237396296875 0.7911343750000001 0.2584166671875 0.7789671874999999 0.248802778125 0.7801265625 0.18623148125 0.7983765625 0.0553111109375 0.8330703125
2 0.33149814843750003 0.7530421875 0.2723481484375 0.77158125 0.2734888890625 0.778534375 0.3318240734375 0.7588359375 0.33149814843750003 0.7530421875
2 0.5516129624999999 0.763759375 0.577847221875 0.7953359375 0.5830611109375 0.7924390625 0.5638333328125 0.7692640625 0.5521018515625 0.7573875 0.5512870375000001 0.763759375 0.5516129624999999 0.763759375
2 0.602940740625 0.8205375 0.60880648125 0.818509375 0.5967490734374999 0.8054734375000001 0.5907194437500001 0.8083703124999999 0.602940740625 0.8205375
2 0.6400925921875 0.8654390624999999 0.6501953703125001 0.8634109375 0.630152778125 0.8413953125000001 0.62179444375 0.8460140624999999 0.6400925921875 0.8654390624999999
2 0.7241916671874999 0.960134375 0.73820555625 0.9569484375 0.69746851875 0.9137859374999999 0.6865231484375001 0.9164078124999999 0.7241916671874999 0.960134375
2 0.9997787031250001 0.8685953124999999 0.999452778125 0.8578765625000001 0.9565981484374999 0.851503125 0.946984259375 0.859615625 0.94833055625 0.8585499999999999 0.9997787031250001 0.8685953124999999