2 0.25928055625 0.9238062499999999 0.2969268515625 0.8878109375 0.2836398140625 0.88275 0.245721296875 0.9173578125 0.25928055625 0.9238062499999999
2 0.3400648140625 0.8447859375 0.35338240781249997 0.8286171875000001 0.3459120375 0.8263078125 0.33064537031249996 0.841609375 0.3400648140625 0.8447859375
2 0.657734259375 0.947865625 0.6725425921875 0.9468781249999999 0.6421861109375 0.9054171875 0.628484259375 0.9066234375000001 0.657734259375 0.947865625
2 0.59054444375 0.8540828125000001 0.6018351859375 0.8524375 0.58961851875 0.8353265625 0.580178703125 0.836971875 0.59054444375 0.8540828125000001
2 0.5625824078125 0.8007593749999999 0.5551611109375 0.80183125 0.5551740734374999 0.8029609375 0.5625824078125 0.8142515625 0.5707268515624999 0.81161875 0.5625824078125 0.8007593749999999
2 0.5456574078124999 0.7886421875 0.5513333328125001 0.7880015625000001 0.547009259375 0.7807937500000001 0.5416361109375 0.7809203124999999 0.5456574078124999 0.7886421875
2 0.534396296875 0.772784375 0.5398018515625 0.7724640625 0.5361981484375 0.76621875 0.5314231484375 0.7665390624999999 0.534396296875 0.772784375
2 0.9630675921874999 0.8799515625 0.9593740734375 0.8706625000000001 0.8957675921874999 0.8536843749999999 0.82331944375 0.8317406249999999 0.763665740625 0.8110796875 0.715159259375 0.793621875 0.6597888890625 0.7717734375 0.6153388890625 0.7545234375 0.6145148140625001 0.7574609375 0.6523046296875 0.7728531249999999 0.7051898140625 0.793675 0.7793101859375 0.8205828125 0.831753703125 0.8396421875 0.9074203703125001 0.86374375 0.9630675921874999 0.8799515625
5 0.4663299671875 0.83380681875 0.4175084171875 0.84943181875 0.46717171718749995 0.8821022734374999 0.5084175078125 0.8622159093749999 0.4663299671875 0.83380681875
5 0.25 0.8053977265625001 0.1978114484375 0.8082386359375 0.21464646406250001 0.83380681875 0.26683501718749997 0.8352272734374999 0.25 0.8053977265625001
5 0.7070707078125 0.8366477265625001 0.7020202015625 0.8295454546875 0.6742424234375 0.85369318125 0.7340067343750001 0.86505681875 0.75 0.8451704546875 0.7070707078125 0.8366477265625001