2 0.2483175921875 0.943028125 0.289203703125 0.904225 0.2747546296875 0.8976671875 0.23025092656249999 0.941165625 0.2483175921875 0.943028125
2 0.15119444375 0.8015109375 0 0.8403124999999999 0.0047759265624999995 0.8568734375 0.17086851875 0.8113468749999999 0.15119444375 0.8015109375
2 0.29783148125 0.750684375 0.2397296296875 0.769265625 0.15826481406249998 0.793859375 0.1579574078125 0.793859375 0.165027778125 0.7949515625 0.2455703703125 0.775278125 0.3012129625 0.75615 0.29783148125 0.750684375
2 0.32269166718750003 0.850203125 0.321815740625 0.8497781249999999 0.3310379625 0.855790625 0.353172221875 0.8333828125 0.34394907343750003 0.8284640624999999 0.32269166718750003 0.850203125
2 0.6739425921875 0.9754781250000001 0.6920796296875 0.9683734375 0.6530379625 0.91809375 0.637975 0.9208265625 0.6739425921875 0.9754781250000001
2 0.59831851875 0.8683609375 0.61 0.8667203125 0.5930925921875 0.8426734375 0.582277778125 0.8447453125 0.59831851875 0.8683609375
2 0.564227778125 0.8193609374999999 0.5727898140625001 0.8182078125000001 0.5624120375 0.8048328124999999 0.5557953703125 0.8059859375 0.564227778125 0.8193609374999999
2 0.5445101859375 0.79145625 0.55164444375 0.790534375 0.54476944375 0.7822312499999999 0.5400990734375 0.7822312499999999 0.5445101859375 0.79145625
2 0.9923759265625 0.8886468750000001 0.9976953703125 0.8789609374999999 0.9368398140625 0.8661625000000001 0.8590166671875 0.8424234374999999 0.7754398140625 0.8152109375000001 0.681778703125 0.7803859375 0.6319648140624999 0.7607828125 0.6303324078125 0.762840625 0.630252778125 0.7640015625000001 0.6992074078125 0.792246875 0.8070962968750001 0.8326062500000001 0.9397083328125 0.8750406249999999 0.9923759265625 0.8886468750000001
5 0.24410774375000002 0.8011363640625 0.24915824843749998 0.8082386359375 0.24326599375 0.8110795453125 0.196127946875 0.8110795453125 0.20875420781249998 0.8323863640625 0.271043771875 0.8309659093749999 0.24410774375000002 0.8011363640625
5 0.47053872031250005 0.8409090906250001 0.422558921875 0.8522727265625001 0.4646464640625 0.8764204546875 0.5117845125 0.859375 0.47053872031250005 0.8409090906250001
5 0.7070707078125 0.8309659093749999 0.6986531984375 0.83380681875 0.677609428125 0.85369318125 0.7398989890625 0.8607954546875 0.7542087546875 0.8423295453125 0.7070707078125 0.8309659093749999