4 0.6889703703125 0.801440625 0.6662925921875 0.8038109375 0.488715740625 0.804996875 0.32368055625 0.7890937499999999 0.22616481406250002 0.76933125 0.1670240734375 0.7855375 0.2712990734375 0.8163671875 0.42144537031249996 0.8350375 0.51139444375 0.8409656249999999 0.6947509265625 0.8338515624999999 0.7392379625000001 0.8260765625 0.6889703703125 0.801440625
4 0.87123148125 0.7893171875 0.8314333328125001 0.79326875 0.797346296875 0.794715625 0.796972221875 0.8043374999999999 0.8323231484375 0.8122421875000001 0.8743435187499999 0.8039421875 0.8959101859375 0.807103125 0.9332620374999999 0.8031515625000001 0.87123148125 0.7893171875
2 0.650428703125 0.9985687499999999 0.5699435187499999 0.8558796875000001 0.5610046296875 0.8574328124999999 0.6310851859375 0.9981734375 0.650428703125 0.9985687499999999
2 0.6288620375 0.9112171874999999 0.6230814812500001 0.853509375 0.613059259375 0.8552406250000001 0.6159666671874999 0.9131937499999999 0.6288620375 0.9112171874999999
2 0.729134259375 0.999359375 0.7498120375 0.9961968750000001 0.6313083328125 0.9127984375 0.6204138890625 0.9155640625 0.6197203703125 0.9166421874999999 0.729134259375 0.999359375
2 0.2357240734375 0.985525 0.2806351859375 0.8898734375 0.269740740625 0.8863156249999999 0.21882592656250002 0.9815515625 0.2357240734375 0.985525
2 0.280190740625 0.8882921874999999 0.35911851875 0.8463937500000001 0.34978055625 0.8432328124999999 0.2726074078125 0.8815546875000001 0.280190740625 0.8882921874999999
2 0.30696851875000003 0.83493125 0.256053703125 0.8716906249999999 0.128878703125 0.9629953125 0.09041574062499999 0.99185 0.1199861109375 0.989478125 0.2084740734375 0.9226796875 0.29029351875 0.85785625 0.3140833328125 0.8388843749999999 0.30696851875000003 0.83493125
2 0.3723574078125 0.789659375 0.3812925921875 0.7817171875 0.375534259375 0.78048125 0.36590462968750004 0.7884234375 0.3723574078125 0.789659375
2 0.53451851875 0.8002499999999999 0.540475 0.8002499999999999 0.535809259375 0.790365625 0.530427778125 0.7912046875 0.53451851875 0.8002499999999999
2 0.5243916671875 0.78048125 0.5300509265625 0.779775 0.5265759265625001 0.7718328125 0.5210638890625 0.7718171875000001 0.5243916671875 0.78048125
2 0.5919490734374999 0.7506906250000001 0.616421296875 0.7629984375000001 0.671025 0.7877078125 0.6971351859375 0.801121875 0.705971296875 0.8002390625 0.681647221875 0.78965 0.6349861109375 0.7684703125000001 0.5940833328124999 0.7492 0.5919490734374999 0.7506906250000001
2 0.780384259375 0.837815625 0.780072221875 0.8385828125 0.8332861109374999 0.8782937499999999 0.8429166671875 0.871234375 0.788809259375 0.8354062499999999 0.780384259375 0.837815625
2 0.9717074078125 0.907125 0.9811592593749999 0.900525 0.8502481484375 0.8754500000000001 0.8410148140624999 0.8816265624999999 0.9717074078125 0.907125
2 0.39210462968750004 0.7714984375 0.39986851875 0.765196875 0.3953111109375 0.764596875 0.38749351875000004 0.76911875 0.39210462968750004 0.7714984375