4 0.5059648140624999 0.7760281250000001 0.3780759265625 0.7679703124999999 0.278077778125 0.7523593749999999 0.23870092656250003 0.7674671875 0.3755268515625 0.7896265625 0.48925092656249997 0.7966765625 0.5852833328125 0.797684375 0.6725351859375001 0.795165625 0.6410907406249999 0.7770359375 0.5059648140624999 0.7760281250000001
2 0.7214953703125 0.8222703125 0.7283018515624999 0.8211359375 0.7055425921875 0.7990140625000001 0.6994805562499999 0.799959375 0.7214953703125 0.8222703125
2 0.8030675921875 0.8447703125 0.8111499999999999 0.8421218749999999 0.7303222218750001 0.8211359375 0.7248981484375 0.8237828125 0.8030675921875 0.8447703125
2 0.8691120375000001 0.891659375 0.8783648140625001 0.8880671875000001 0.8148731484375 0.8438234375 0.8075342593749999 0.8457156250000001 0.8691120375000001 0.891659375
2 0.943878703125 0.899978125 0.8877240734375 0.887878125 0.8813425921875 0.8950625000000001 0.9125046296875 0.902246875 0.9481324078125001 0.9077296875 0.9963101859375 0.909809375 1 0.90338125 0.943878703125 0.899978125
2 0.5753666671875 0.82964375 0.580684259375 0.8050640625 0.573984259375 0.8061984375 0.5668583328125 0.8304 0.5753666671875 0.82964375
2 0.62226851875 0.8674578125 0.6335416671874999 0.866134375 0.5773879625 0.8300218750000001 0.568453703125 0.8313453125000001 0.62226851875 0.8674578125
2 0.6373703703125 0.9393046875 0.6489629625 0.9383593749999999 0.63566851875 0.8702937500000001 0.626628703125 0.8702937500000001 0.6373703703125 0.9393046875
2 0.7008629625 0.995459375 0.7171351859375 0.9956484375000001 0.6548120374999999 0.9451656249999999 0.6414120375000001 0.9485703125 0.7008629625 0.995459375
2 0.55165 0.8356937500000001 0.5907879625 0.9151046875000001 0.6323722218750001 0.9964046874999999 0.6493879625 0.9965937500000001 0.599509259375 0.9041375 0.5618601859375 0.8375843749999999 0.5443120375 0.80563125 0.5378240734374999 0.8063874999999999 0.55165 0.8356937500000001
2 0.213734259375 0.982146875 0.25011481406249997 0.9157546875 0.2379879625 0.912815625 0.1971981484375 0.9833718749999999 0.213734259375 0.982146875
2 0.362425 0.794978125 0.355259259375 0.793996875 0.2939361109375 0.8420140625 0.1925129625 0.916490625 0.11423981406249999 0.9716125 0.08695462968749999 0.9919453125000001 0.1109324078125 0.9907203125 0.18369351875 0.937559375 0.26858055625 0.8726375000000001 0.335277778125 0.8170265625 0.362425 0.794978125
2 0.2418583328125 0.9067796875 0.253422221875 0.911590625 0.34409722187499997 0.859653125 0.3336240734375 0.8567140625 0.2418583328125 0.9067796875
2 0.3457509265625 0.856959375 0.3515388890625 0.8175156250000001 0.34506203750000003 0.817271875 0.335828703125 0.8562234375 0.3457509265625 0.856959375
2 0.34547500000000003 0.8153109374999999 0.3458888890625 0.816290625 0.3534675921875 0.8182515625000001 0.3956361109375 0.798653125 0.3894351859375 0.7971828125 0.34547500000000003 0.8153109374999999
2 0.023977778124999998 0.8074718750000001 0.12733148125 0.7859125 0.22462129687500001 0.767784375 0.2209 0.7646 0.134221296875 0.7810140624999999 0.0219083328125 0.7991421875 0.023977778124999998 0.8074718750000001
2 0.396325 0.7668046875 0.39949444375 0.762884375 0.3961870375 0.7606796874999999 0.3902620375 0.76606875 0.396325 0.7668046875
2 0.5188333328125 0.7687640625000001 0.518971296875 0.7692546874999999 0.5215888890625 0.7756234375 0.5272388890624999 0.7748890625 0.52406944375 0.76729375 0.5188333328125 0.7687640625000001
2 0.6498851859375 0.777828125 0.6571888890625 0.776359375 0.579053703125 0.738140625 0.5764351859375 0.7408359375 0.6498851859375 0.777828125