4 0.753472221875 0.8333328124999999 0.50086851875 0.8456796875 0.27343796249999996 0.8194437499999999 0.14756944375 0.78549375 0.05729166718749999 0.8070984375 0.11805555625 0.8379625 0.2560768515625 0.8888890625 0.421875 0.9135796875000001 0.5989583328125 0.921296875 0.7760416671875 0.8935187499999999 0.8446185187499999 0.8765437500000001 0.753472221875 0.8333328124999999
4 1 0.8020890625 0.9775962968749999 0.7977562500000001 0.9151453703125 0.8112953125000001 0.8636601859375 0.8221281250000001 0.8639648140625 0.8221281250000001 0.938602778125 0.8394578125000001 0.9605370375 0.8400000000000001 0.9992259265625 0.8259187499999999 1 0.8020890625
2 0.9075287031249999 0.890909375 0.9057009265625 0.893075 0.9806425921875 0.9288203125000001 0.9934379625 0.9185296875000001 0.9188009265625 0.8849515625000001 0.9075287031249999 0.890909375
2 0.7204787031250001 0.9948937499999999 0.70341851875 0.9456093750000001 0.6897101859375 0.9466921875000001 0.7070740734375 0.99814375 0.7204787031250001 0.9948937499999999
2 0.20624259218750002 0.982978125 0.2915425921875 0.934778125 0.2766148140625 0.9288203125000001 0.1779111109375 0.982978125 0.20624259218750002 0.982978125
2 0.11576388906249999 0.9889359375 0.2211703703125 0.9174468750000001 0.211421296875 0.9082390625000001 0.0892601859375 0.9905609375 0.11576388906249999 0.9889359375
2 0.33745648125 0.8211875 0.3526703703125 0.808478125 0.34625555625 0.807175 0.3299416671875 0.8192328124999999 0.33745648125 0.8211875
2 0.3702675921875 0.7957703125 0.3830990734375 0.7853421875000001 0.3783324078125 0.7824093750000001 0.36550185156250004 0.7925109375 0.3702675921875 0.7957703125
2 0.39318055625000004 0.77686875 0.4005120375 0.7703515624999999 0.396296296875 0.7680703125 0.3895138890625 0.7739359375 0.39318055625000004 0.77686875
2 0.7174388890625 0.8081531249999999 0.64576851875 0.775565625 0.6179074078125 0.763509375 0.616990740625 0.7654640625 0.6155240734375 0.7651375 0.6782129625 0.7957703125 0.7639981484375 0.8342218750000001 0.7731629625 0.8322671875 0.7174388890625 0.8081531249999999
2 0.55246851875 0.8368296875000001 0.5609 0.8365031249999999 0.5511851859375 0.8208609375 0.5440370375 0.8211875 0.55246851875 0.8368296875000001
2 0.535421296875 0.8039171875 0.541103703125 0.8029390624999999 0.5361546296874999 0.7938140625 0.530472221875 0.7938140625 0.535421296875 0.8039171875
2 0.5249731484375 0.7833875 0.53010555625 0.7824093750000001 0.5264398140625001 0.7742625000000001 0.5220407406249999 0.7758921875 0.5249731484375 0.7833875