4 0.350327778125 0.7373000000000001 0.33033055624999996 0.7437640625 0.3895416671875 0.7511515625 0.5632768515625 0.7594609375 0.6095018515625 0.7576140625 0.5936611109375 0.7493046875 0.4407009265625 0.7460718749999999 0.350327778125 0.7373000000000001
2 0.4100574078125 0.7553062500000001 0.31916388906250004 0.831021875 0.2428138890625 0.8942718749999999 0.24333333281249997 0.9108921875 0.312672221875 0.8504125 0.38512685156250004 0.7871625 0.41706851875 0.756690625 0.4100574078125 0.7553062500000001
2 0.2430740734375 0.9510578125 0.34617222187499996 0.8841140624999999 0.336303703125 0.8794968750000001 0.23917870312499998 0.939515625 0.2430740734375 0.9510578125
2 0.350327778125 0.88180625 0.3526648140625 0.83240625 0.3451333328125 0.8319453125 0.3378620375 0.8771890625 0.350327778125 0.88180625
2 0.353184259375 0.8328687499999999 0.401747221875 0.809321875 0.3931768515625 0.8056296875 0.34617222187499996 0.8296359375 0.353184259375 0.8328687499999999
2 0.4009675921875 0.8079375000000001 0.3929175921875 0.7862390625 0.3877231484375 0.7876234375 0.39421574062500003 0.8088609375000001 0.4009675921875 0.8079375000000001
2 0.39551388906249996 0.7871625 0.42408055625 0.77654375 0.41810740781250005 0.774696875 0.3903203703125 0.7848531249999999 0.39551388906249996 0.7871625
2 0.4183675921875 0.7733109375 0.425378703125 0.774696875 0.41706851875 0.7631546874999999 0.412134259375 0.7645390625 0.4183675921875 0.7733109375
2 0.41810740781250005 0.763615625 0.4360268515625 0.760384375 0.431871296875 0.756690625 0.412653703125 0.7626921875 0.41810740781250005 0.763615625
2 0.1256916671875 0.791778125 0.000778703125 0.8116312499999999 0.0025972218750000002 0.8199406249999999 0.125172221875 0.7959343750000001 0.1256916671875 0.791778125
2 0.525621296875 0.7622312499999999 0.52120648125 0.763615625 0.521465740625 0.763615625 0.5869092593749999 0.8748812499999999 0.65546851875 0.9958406249999999 0.6746851859375 0.9949171874999999 0.5985953703125 0.8776515625 0.5305555562500001 0.7686953125 0.525621296875 0.7622312499999999
2 0.5404231484375 0.767771875 0.5471759265625 0.7617703125 0.5391250000000001 0.7613078125 0.5331518515625 0.767771875 0.5404231484375 0.767771875
2 0.5549666671875 0.7806984375 0.5627574078124999 0.7779281250000001 0.5404231484375 0.767771875 0.5360083328125 0.7700796875 0.5549666671875 0.7806984375
2 0.55704444375 0.7927015625 0.5627574078124999 0.778390625 0.5578231484375 0.7793140625 0.551590740625 0.7927015625 0.55704444375 0.7927015625
2 0.5863898140625 0.8134781249999999 0.59288148125 0.8120921875 0.5565249999999999 0.793625 0.5528888890625 0.7940875000000001 0.5863898140625 0.8134781249999999
2 0.5923620374999999 0.8411781250000001 0.59418055625 0.8134781249999999 0.5882074078125 0.8144015625 0.5835324078124999 0.8430249999999999 0.5923620374999999 0.8411781250000001
2 0.6497546296875 0.8882687499999999 0.661440740625 0.8859609374999999 0.59288148125 0.8434859375 0.5861296296875 0.8434859375 0.6497546296875 0.8882687499999999
2 0.6803990734375 0.97968125 0.694422221875 0.9778343749999999 0.66351851875 0.8882687499999999 0.65313055625 0.8873468750000001 0.6803990734375 0.97968125
2 0.62768055625 0.767771875 0.6245648140625 0.759 0.62015 0.760846875 0.6237851859375 0.76915625 0.62768055625 0.767771875
2 0.6572861109375 0.7788515625 0.661440740625 0.7760812500000001 0.62768055625 0.7663859375000001 0.625084259375 0.771003125 0.6572861109375 0.7788515625
2 0.65955648125 0.779525 0.6687120375 0.7931640625 0.6728675921875 0.79039375 0.6629990734375 0.7770046875000001 0.65955648125 0.779525
2 0.71909351875 0.8079375000000001 0.7250657406250001 0.802396875 0.673646296875 0.79039375 0.66923148125 0.7927015625 0.71909351875 0.8079375000000001
2 0.7494777781249999 0.8319453125 0.7541518515625001 0.830559375 0.726884259375 0.8037828125 0.722728703125 0.8074749999999999 0.7494777781249999 0.8319453125
2 0.8395916671875 0.8545671875 0.8466027781250001 0.84995 0.7624620375 0.829175 0.7583074078125 0.8314828125 0.8395916671875 0.8545671875
2 0.90529351875 0.89565625 0.9102277781250001 0.8896546875 0.8541342593750001 0.8527203125 0.8453046296875 0.8568749999999999 0.90529351875 0.89565625