4 0.6189240734375 0.8487656250000001 0.38715277812500004 0.8364203124999999 0.1675351859375 0.7916671875 0.074652778125 0.8132718750000001 0.2456601859375 0.882715625 0.4670138890625 0.9259265624999999 0.7404518515625 0.9166671875000001 0.8802083328125001 0.875 0.7873268515625 0.8333328124999999 0.6189240734375 0.8487656250000001
2 0.2079509265625 0.9817406249999999 0.26262037031249996 0.9306859375000001 0.24566574062500002 0.924534375 0.1813083328125 0.9829718749999999 0.2079509265625 0.9817406249999999
2 0.26711851875 0.9829718749999999 0.26608055625000004 0.9854328125 0.2875333328125 0.9872781249999999 0.3335518515625 0.950984375 0.3176361109375 0.9436031249999999 0.26711851875 0.9829718749999999
2 0.1712740734375 0.7935125000000001 0.2785370375 0.7670625 0.3453166671875 0.747378125 0.3446240734375 0.7412265625 0.27576851874999997 0.762140625 0.15985555625 0.7885921875 0.1712740734375 0.7935125000000001
2 0.37922500000000003 0.8138125 0.39064351875000003 0.798434375 0.3823398140625 0.7959734375 0.369190740625 0.8095062499999999 0.37922500000000003 0.8138125
2 0.4027453703125 0.784615625 0.41248148125000006 0.7755062500000001 0.4056490734375 0.7727734374999999 0.39762129687500003 0.7834015625 0.4027453703125 0.784615625
2 0.5378481484375001 0.773684375 0.5438259265625 0.773684375 0.54006851875 0.767915625 0.5344324078125 0.7691296875 0.5378481484375001 0.773684375
2 0.5511703703124999 0.79585 0.5602231484375 0.7931171875 0.552025 0.78279375 0.547071296875 0.7849203124999999 0.5511703703124999 0.79585
2 0.562272221875 0.8092109375 0.56141851875 0.808603125 0.5716666671875 0.8237859375 0.5795231484375 0.8216609375000001 0.5697879625 0.80678125 0.562272221875 0.8092109375
2 0.711722221875 0.79524375 0.6495509265625 0.769434375 0.6058268515624999 0.7524296875 0.6034351859375 0.7557703124999999 0.6348629625 0.7663968750000001 0.7182129625 0.8043531249999999 0.800709259375 0.835628125 0.8080537031249999 0.83380625 0.711722221875 0.79524375
2 0.996275 0.912753125 0.9993490734374999 0.9024296875 0.9561370374999999 0.8836031249999999 0.947597221875 0.8896765625 0.996275 0.912753125
2 0.7629620375 0.9938265625 0.7790175921875 0.9941296875000001 0.75613055625 0.9522281250000001 0.7426370375 0.9534421875 0.7629620375 0.9938265625
4 1 0.8010125 0.994396296875 0.79585 0.94315555625 0.8070859374999999 0.8873046296875 0.8198390625 0.9774870375000001 0.839271875 1 0.8274296874999999 1 0.8010125
2 0.8680037031250001 0.794028125 0.8838888890625001 0.7943328125 0.88423055625 0.7885640625 0.817447221875 0.7788468749999999 0.8201805562500001 0.784615625 0.8680037031250001 0.794028125