4 0.6032990734375 0.828703125 0.4114583328125 0.8179015625 0.216146296875 0.7793203125 0.13888888906250002 0.8009265624999999 0.28819444375000003 0.8503093749999999 0.49218796249999996 0.8719140624999999 0.6927083328125 0.8719140624999999 0.809896296875 0.8533953125 0.7430555562500001 0.8194437499999999 0.6032990734375 0.828703125
2 0.2088953703125 0.7855328125 0.3090583328125 0.7597828125 0.3584259265625 0.7456390625 0.353122221875 0.742375 0.2986546296875 0.7579703125 0.2009388890625 0.78226875 0.2088953703125 0.7855328125
2 0.3933101859375 0.7978625 0.4014703703125 0.7873453125000001 0.39310648125 0.7866203125 0.3831101859375 0.7971375 0.3933101859375 0.7978625
2 0.20420277812499998 0.982459375 0.31803425937499996 0.8754734375 0.3041629625 0.871121875 0.17972314843749998 0.983546875 0.20420277812499998 0.982459375
2 0.2733583328125 0.9527203125 0.3725018515625 0.8852656250000001 0.361690740625 0.8794625 0.2623425921875 0.9454671875 0.2733583328125 0.9527203125
2 0.0791518515625 0.8062046875 0 0.8178093750000001 0.0010203703124999999 0.8283265625 0.0879231484375 0.8134578125 0.0791518515625 0.8062046875
2 0.5561018515625 0.8083796875000001 0.564465740625 0.8076546875 0.5575296296875 0.798225 0.5518175921874999 0.7971375 0.5561018515625 0.8083796875000001
2 0.5428416671875 0.7848078125 0.5493694437500001 0.7848078125 0.5452898140625 0.775015625 0.53978148125 0.7782796875 0.5428416671875 0.7848078125
2 0.5991453703125 0.7536171875 0.5985333328125 0.75724375 0.6583046296874999 0.78154375 0.7523481484375 0.8228875 0.7607120375 0.8185343749999999 0.6354574078125 0.7681250000000001 0.5991453703125 0.7536171875
2 0.69216851875 0.997690625 0.7101203703125 0.995878125 0.632397221875 0.8968703124999999 0.618525 0.900134375 0.69216851875 0.997690625
2 0.70685648125 0.9773828124999999 0.7217490734374999 0.9730296875000001 0.6870685187500001 0.89179375 0.6764611109375 0.89396875 0.6758490734375 0.8932437500000001 0.70685648125 0.9773828124999999
2 0.932071296875 0.9095640625 0.9430879624999999 0.9019484375 0.868627778125 0.859878125 0.8594481484375001 0.8642312499999999 0.932071296875 0.9095640625
2 0.9949037031250001 0.9139156249999999 0.998575 0.9066625 0.9483916671875001 0.900496875 0.942271296875 0.9099265624999999 0.9949037031250001 0.9139156249999999
2 0.8025324078124999 0.78154375 0.7756046296875 0.774653125 0.7747879625 0.7793671875 0.799472221875 0.7866203125 0.8025324078124999 0.78154375
2 0.8841314812500001 0.7975 0.8492481484375001 0.7873453125000001 0.8486361109375 0.7920609375 0.8769916671875 0.7993140624999999 0.8841314812500001 0.7975
4 0.9760814812499999 0.816721875 0.9993379625 0.803303125 0.9463518515624999 0.7971375 0.94084351875 0.7978625 0.88861944375 0.8025781249999999 0.847003703125 0.8083796875000001 0.8459305562500001 0.80946875 0.8457268515624999 0.8159968750000001 0.8989703703125 0.829778125 0.9261018515625 0.8257875 0.9760814812499999 0.816721875
2 0.41350648124999995 0.7779171875 0.417177778125 0.7710250000000001 0.41350648124999995 0.769575 0.40840648125 0.775740625 0.41350648124999995 0.7779171875