4 0.8063296296875 0.8387234375 0.7483861109375 0.81053125 0.6965416671875 0.8175796875 0.526065740625 0.8246281249999999 0.34034166718750003 0.811615625 0.2043268515625 0.7834234375 0.1235111109375 0.802940625 0.2067666671875 0.8333015625 0.33546203750000003 0.8631203125000001 0.49831388906249996 0.876675 0.664825 0.8696265625 0.78955648125 0.8506515625000001 0.8063296296875 0.8387234375
2 0.38173148125 0.79959375 0.3917898140625 0.7894953124999999 0.38551851875 0.786971875 0.37510555624999997 0.7972796875 0.38173148125 0.79959375
2 0.5328388890625 0.7678281250000001 0.5379268515625 0.7680390625 0.53343055625 0.761096875 0.5295259265625 0.7613078125 0.5328388890625 0.7678281250000001
2 0.5434888890625 0.7739296875 0.5382824078125 0.7745609375 0.5382824078125 0.77498125 0.537453703125 0.7747703125000001 0.5425416671875001 0.78360625 0.548103703125 0.7827640625 0.5434888890625 0.7739296875
2 0.5582796296875 0.80569375 0.565734259375 0.805484375 0.55780648125 0.7947546875 0.5520083328125 0.795596875 0.5582796296875 0.80569375
2 0.6586231484375 0.7680390625 0.6031268515625 0.7427953125 0.576502778125 0.7320671875 0.574372221875 0.733328125 0.6302240734375 0.7600453125 0.6950685187500001 0.787603125 0.754234259375 0.8113734375 0.7641731484375 0.8101125 0.6586231484375 0.7680390625
2 0.7376675921875 0.9927078125 0.6961342593750001 0.8950984375000001 0.685247221875 0.8961499999999999 0.7220481484375 0.9941796875 0.7376675921875 0.9927078125
2 0.6883240734375 0.9983875 0.706547221875 0.99901875 0.6366138890624999 0.9035140625 0.6238342593749999 0.90414375 0.6883240734375 0.9983875
2 0.2423388890625 0.975878125 0.3398425921875 0.905828125 0.3295481484375 0.9030921875000001 0.22896851875 0.9693578125 0.2423388890625 0.975878125
2 0.192740740625 0.9859765625 0.2980546296875 0.883528125 0.28693148125 0.8814249999999999 0.17181481406250002 0.9840828125 0.192740740625 0.9859765625
2 0.0951370375 0.801696875 0.000609259375 0.8193671874999999 0.00165648125 0.8273609375 0.09525555625 0.8071671874999999 0.0951370375 0.801696875
2 0.2428129625 0.7665656249999999 0.1842398140625 0.7812921875 0.189446296875 0.7859203124999999 0.24612592656249999 0.77119375 0.3410259265625 0.7427953125 0.3736851859375 0.7301734375 0.37167407343750003 0.7276484375 0.3346361109375 0.7400609375 0.2428129625 0.7665656249999999