7 0.126053703125 0.7720859375 0.045192592187500005 0.7832546875 0.0642425921875 0.795503125 0.165572221875 0.7731656250000001 0.1609111109375 0.76668125 0.17550277812499998 0.7634390625 0.13801111093750001 0.7583953125 0.126053703125 0.7720859375
8 0.2654574078125 0.8100359375 0.2006046296875 0.8455796875000001 0.227990740625 0.857228125 0.2866259265625 0.814515625 0.297547221875 0.8189968750000001 0.30964351875 0.7909203125000001 0.256552778125 0.807646875 0.2654574078125 0.8100359375
8 0.4852148140625 0.8410984375 0.49647222187500006 0.8396062499999999 0.5082324078125 0.8981484375000001 0.5406583328125001 0.8951609375 0.516297221875 0.8393078125000001 0.5300740734375 0.8378140625 0.4988240734375 0.8121265624999999 0.4852148140625 0.8410984375
2 0.3533629625 0.8959578125000001 0.42039444374999996 0.7716421875 0.41791111093750005 0.7620796875 0.34301851875 0.893015625 0.3533629625 0.8959578125000001
2 0.5324092593749999 0.7610234375 0.5280259265625 0.764140625 0.5720824078125 0.8058359375 0.675977778125 0.90169375 0.6873759265625 0.89935625 0.5924675921875 0.8151875000000001 0.5324092593749999 0.7610234375
2 0.3114675921875 0.7477750000000001 0.2417648140625 0.76920625 0.07825 0.8163562499999999 0.08460648125 0.8225906249999999 0.16482962968749998 0.7996000000000001 0.25250555625 0.7723234375 0.312125 0.7508921875000001 0.3114675921875 0.7477750000000001
2 0.08789444375 0.7353046875 0.0008768515625 0.7356953125000001 0.0013148140625 0.7430984375 0.0962240734375 0.73998125 0.15496666718750002 0.7353046875 0.198365740625 0.7306296875 0.1913518515625 0.7267328125 0.1442259265625 0.7310187499999999 0.08789444375 0.7353046875
2 0.7921481484374999 0.8147984375 0.7923675921875 0.820253125 0.922346296875 0.8576609375 0.9951166671875 0.8736375000000001 0.9964324078125 0.8642859375 0.8469453703125 0.8288265625 0.7921481484374999 0.8147984375
2 0.5788777781250001 0.7446578125000001 0.588740740625 0.74894375 0.619427778125 0.7625828125 0.6200851859375 0.75790625 0.5929055562500001 0.747384375 0.58063148125 0.742709375 0.5788777781250001 0.7446578125000001
3 0.6115370375 0.7575171875 0.5545472218749999 0.7547890625 0.55520555625 0.760634375 0.61833148125 0.7610234375 0.6115370375 0.7575171875
3 0.4201851859375 0.7497234374999999 0.37481296249999996 0.7446578125000001 0.37415555624999997 0.7497234374999999 0.41996574062500003 0.7528406249999999 0.4201851859375 0.7497234374999999
3 0.239353703125 0.7279015625 0.22094259218749998 0.7240046875 0.21787407343749998 0.7267328125 0.23957314843750002 0.7317984375 0.239353703125 0.7279015625