8 0.49246851875 0.818553125 0.5000490734375 0.855503125 0.5245009265625 0.85506875 0.5088518515625 0.8189875000000001 0.5201 0.818553125 0.4949138890625 0.7976875 0.48146481406249997 0.817684375 0.49246851875 0.818553125
8 0.296972221875 0.7968140625 0.2536231484375 0.82183125 0.2769148140625 0.8301703125 0.31897037031250003 0.7996890624999999 0.32738055625 0.8008390625 0.3312629625 0.7809984375 0.2913111109375 0.7927875 0.296972221875 0.7968140625
7 0.1733879625 0.7664484375 0.1084509265625 0.7750171875 0.12773148125 0.7892984375000001 0.20458425937500002 0.7678765624999999 0.20110370312499998 0.7628765625 0.2100740734375 0.7597828125 0.17820833281249998 0.7552609375 0.1733879625 0.7664484375
2 0.2762574078125 0.7614328125000001 0.20103611093749998 0.78665625 0.15071018593750002 0.8004562500000001 0.1571351859375 0.8061671875 0.24145740781249997 0.7809453125 0.310522221875 0.7547703125 0.31132499999999996 0.7500125 0.2762574078125 0.7614328125000001
2 0.19621759218749998 0.7276453125 0.14160833281250002 0.7352593749999999 0.0586240734375 0.7390656250000001 0.0013388890625 0.741921875 0.0032120375 0.748584375 0.062372221875 0.748584375 0.14535648125 0.7409703125 0.1996981484375 0.7338312499999999 0.2411898140625 0.7266921875000001 0.23851296249999998 0.7233609375000001 0.19621759218749998 0.7276453125
2 0.03774444375 0.8299625 0.0002675921875 0.8385281250000001 0.0026768515624999998 0.848046875 0.046042592187499995 0.8371000000000001 0.03774444375 0.8299625
2 0.38172777812500003 0.8566125 0.422684259375 0.77380625 0.42027592656249996 0.765240625 0.3723583328125 0.8513781249999999 0.38172777812500003 0.8566125
2 0.297940740625 0.9893875 0.337290740625 0.9456046875 0.3236388890625 0.9403703125 0.280540740625 0.987959375 0.297940740625 0.9893875
2 0.528690740625 0.765715625 0.629877778125 0.85994375 0.642459259375 0.863275 0.56563148125 0.7928421875 0.5337768515625 0.765715625 0.528690740625 0.765715625
2 0.781390740625 0.9936703124999999 0.8030740734374999 0.9979531250000001 0.7283879625 0.9356109375000001 0.7150037031250001 0.937990625 0.781390740625 0.9936703124999999
2 0.5699148140625 0.74715625 0.6041796296874999 0.759053125 0.6263981484375 0.769046875 0.6285398140625 0.7633375 0.604447221875 0.755246875 0.5733953703125 0.741921875 0.5699148140625 0.74715625
2 0.8135138890625001 0.8228234375 0.8135138890625001 0.8285343749999999 0.8598250000000001 0.841859375 0.9853722218750001 0.87326875 0.9992916671875 0.87326875 0.9968824078124999 0.8661296875 0.9235351859375 0.8518531250000001 0.8135138890625001 0.8228234375
3 0.5950777781250001 0.755721875 0.56108148125 0.75381875 0.5594750000000001 0.7581015625 0.6047148140624999 0.7595296874999999 0.5950777781250001 0.755721875