8 0.7740009265625 0.8781984375 0.7836666671875 0.8743796875 0.9111898140625 0.93499375 0.9361574078125001 0.915903125 0.8054120375 0.8681749999999999 0.8118555562499999 0.8662656249999999 0.736684259375 0.841925 0.7740009265625 0.8781984375
8 0.50391944375 0.8977656250000001 0.5219074078125 0.997040625 0.568352778125 0.9979953125 0.52861944375 0.8972890625 0.5479490734375 0.8949031250000001 0.5060675921875 0.8509921874999999 0.4878111109375 0.8991984375 0.50391944375 0.8977656250000001
8 0.1982120375 0.8487031249999999 0.0790740734375 0.91243125 0.1113361109375 0.930425 0.2254129625 0.856575 0.2370111109375 0.8603234375 0.2631583328125 0.8205875 0.1885120375 0.8438296875000001 0.1982120375 0.8487031249999999
7 0.044264814062500005 0.786715625 0.00012037031249999999 0.7933453125 0.00036111093750000004 0.8068171875000001 0.0870861109375 0.791634375 0.08540185156249999 0.7817984375 0.10621111093749999 0.777734375 0.0639916671875 0.7721750000000001 0.044264814062500005 0.786715625
2 0.41645462968749997 0.7646265624999999 0.3416 0.8903484374999999 0.2808074078125 0.9851906250000001 0.2774981484375 0.98445625 0.29858981406249996 0.9918078124999999 0.39246851875 0.8205031249999999 0.41769537031250004 0.771978125 0.41645462968749997 0.7646265624999999
2 0.1360611109375 0.804328125 0.0004138890625 0.83520625 0.0012407406249999998 0.8447640625 0.1253083328125 0.8138859374999999 0.2535120375 0.77491875 0.308928703125 0.7528625 0.30024444375 0.7491859375 0.2506175921875 0.766096875 0.1360611109375 0.804328125
2 0.0004370375 0.7390421875000001 0.0008740734374999999 0.7460359375000001 0.0686296296875 0.7448703125 0.1503731484375 0.7390421875000001 0.1910259265625 0.733990625 0.185125 0.728940625 0.13113888906249999 0.73515625 0.0004370375 0.7390421875000001
3 0.1881851859375 0.7336031249999999 0.2563768515625 0.7475906250000001 0.31626388906249997 0.754196875 0.31626388906249997 0.749921875 0.2428259265625 0.7402078125 0.189496296875 0.729328125 0.1881851859375 0.7336031249999999
3 0.4157111109375 0.760025 0.372653703125 0.75575 0.373965740625 0.7615796875 0.4168046296875 0.7666296874999999 0.4157111109375 0.760025
3 0.49111666718749997 0.7677953125 0.5381083328125 0.7689625 0.6049888890624999 0.77129375 0.6043333328125 0.7662421875 0.5348296296874999 0.7639109375 0.48980555625 0.7631328125 0.49111666718749997 0.7677953125
2 0.5925305562500001 0.820640625 0.5328629625 0.7677953125 0.528272221875 0.7697390625 0.5905638890625 0.8291890625 0.6932898140625 0.9278828125 0.7719731484375 0.9982125 0.79295555625 0.997046875 0.70290648125 0.9205 0.5925305562500001 0.820640625
2 0.7636675921875 0.8148125 0.8600546296875 0.8443421875 0.9942537031249999 0.87659375 0.9964398140625 0.865325 0.8810370375 0.8404562500000001 0.76279351875 0.807040625 0.7636675921875 0.8148125