4 0.43916944375 0.7817093749999999 0.2879 0.764359375 0.15560648125 0.7344796875 0.090002778125 0.738334375 0.16807685156250002 0.7691796875 0.313925 0.802915625 0.4527240734375 0.81448125 0.6148370375 0.8115890625000001 0.576884259375 0.7894203125 0.43916944375 0.7817093749999999
2 0.7978129625 0.9972125000000001 0.621302778125 0.8297281249999999 0.5381916671875 0.7493531250000001 0.51355648125 0.728659375 0.5103074078125001 0.7301031250000001 0.5471259265625 0.7652359375 0.5704074078125 0.78881875 0.6077666671874999 0.826840625 0.7147018515625 0.935609375 0.7799453703125 0.9991390625 0.7978129625 0.9972125000000001
2 0.6083083328125001 0.8667859375000001 0.6066842593749999 0.8302093749999999 0.5996453703125 0.8316531250000001 0.5985629625 0.8682296875000001 0.6083083328125001 0.8667859375000001
2 0.6795083328125 0.9283906249999999 0.6941268515625 0.9274281249999999 0.610203703125 0.8691921875 0.601540740625 0.8715984375 0.6795083328125 0.9283906249999999
2 0.7117240734375 0.99769375 0.726072221875 0.9986578125 0.697375 0.9288718749999999 0.684922221875 0.9303156250000001 0.7117240734375 0.99769375
2 0.31241111093749996 0.99095625 0.376572221875 0.9279093749999999 0.3638481484375 0.9226140624999999 0.29373148125 0.98806875 0.31241111093749996 0.99095625
2 0.3819861109375 0.9211703124999999 0.3798203703125 0.8571609375 0.370615740625 0.8571609375 0.367909259375 0.9216515624999999 0.3819861109375 0.9211703124999999
2 0.38144444375000003 0.8561984375 0.42611388906250003 0.827803125 0.41772129687500004 0.825878125 0.372240740625 0.8537921875000001 0.38144444375000003 0.8561984375
2 0.011099073437499999 0.8446468749999999 0.0018953703124999998 0.8470531250000001 0.002165740625 0.8590859375000001 0.0885259265625 0.8456093750000001 0.0801333328125 0.839353125 0.011099073437499999 0.8446468749999999
2 0.0928574078125 0.842240625 0.15133240781249999 0.8109578125000001 0.14510648125 0.8051828125 0.0877129625 0.838871875 0.0928574078125 0.842240625
2 0.15810092656250002 0.8095140625000001 0.230653703125 0.7974812499999999 0.226322221875 0.7941125 0.15214444375 0.8056640625 0.15810092656250002 0.8095140625000001
2 0.6237398140625 0.7816 0.629425 0.7825624999999999 0.6248222218749999 0.7748609375 0.616971296875 0.7690859375 0.615347221875 0.7734171875 0.6237398140625 0.7816
2 0.1012490734375 0.7546484375 0.030591667187499998 0.7536859375 0.032215740625 0.7604234375 0.107746296875 0.7642734375 0.1012490734375 0.7546484375