6 0.49608055625 0.815915625 0.30115555625 0.7920796875 0.2552601859375 0.8360843750000001 0.48061018593749993 0.8690875 0.49608055625 0.815915625
2 0.2627611109375 0.9820765625 0.308278703125 0.9263781249999999 0.294090740625 0.922175 0.2479824078125 0.9741953125 0.2627611109375 0.9820765625
2 0.35734259218750003 0.868578125 0.3774416671875 0.84335625 0.3679833328125 0.8402046875 0.34877129687499997 0.8654265625 0.35734259218750003 0.868578125
2 0.40226944375 0.8165578124999999 0.41438796250000004 0.8023718750000001 0.4069981484375 0.8007953125 0.3922203703125 0.8128796875000001 0.40226944375 0.8165578124999999
2 0.4289768515625 0.7786625 0.42090555625 0.787946875 0.4213796296875 0.7877359375 0.42149907343750004 0.7877359375 0.426484259375 0.7892140624999999 0.43408055624999997 0.7797171875 0.4289768515625 0.7786625
2 0.44381388906249997 0.76895625 0.448325 0.7619921875 0.4439324078125 0.7615703125 0.43811666718750003 0.7691671875 0.44381388906249997 0.76895625
2 0.69355555625 0.9996 0.7113611109375 1 0.6522490734375 0.9179359375 0.6035824078124999 0.8447125 0.557171296875 0.769378125 0.542452778125 0.7419453125000001 0.5392481484375 0.7436328125 0.5393666671874999 0.7436328125 0.56239351875 0.7898468750000001 0.5869648140625 0.8331062499999999 0.658302778125 0.9438906250000001 0.69355555625 0.9996
2 0.5536648140625 0.7485765625 0.5547490734375 0.742475 0.549690740625 0.73573125 0.5484268515624999 0.739584375 0.54896851875 0.73990625 0.5536648140625 0.7485765625
2 0.5650453703125 0.7566046875 0.5580009265625 0.7482562500000001 0.5569166671875 0.7530734375 0.5643231484375 0.7636703125000001 0.5650453703125 0.7566046875
2 0.568359259375 0.769215625 0.582928703125 0.7893609374999999 0.583109259375 0.780690625 0.5692 0.76174375 0.568359259375 0.769215625
2 0.6224898140625 0.83656875 0.6235731484375 0.8288625 0.5876259265625 0.7867921875 0.586902778125 0.7945 0.6224898140625 0.83656875
2 0.6300759265625 0.83560625 0.6302574078125 0.8462031250000001 0.6288120375 0.8451906250000001 0.6651203703124999 0.8859765625 0.7460481484375 0.9775 0.7487574078125 0.9646546875 0.6300759265625 0.83560625
2 0.839077778125 0.851984375 0.838897221875 0.8523046875 0.8762898140625 0.8673984375 0.8856833328124999 0.8654718750000001 0.8446777781250001 0.8500578125 0.839077778125 0.851984375
2 0.7839824078125 0.8298249999999999 0.789040740625 0.8272562499999999 0.7641120375 0.8156953124999999 0.762847221875 0.8189062500000001 0.7839824078125 0.8298249999999999
2 0.9413212968750001 0.8192281250000001 0.881528703125 0.8060609375000001 0.8206527781249999 0.7909671875 0.762847221875 0.7729828125 0.762847221875 0.7771578124999999 0.78036944375 0.7851874999999999 0.8549749999999999 0.805740625 0.9339148140625 0.8224390625 0.9996685187500001 0.8333578125000001 0.9996685187500001 0.8278984375 0.9413212968750001 0.8192281250000001