6 0.49559722187500005 0.7946734375 0.3358574078125 0.7784453124999999 0.29988148125 0.8089921875 0.4867379625 0.8319015625 0.49559722187500005 0.7946734375
2 0.3343731484375 0.8949953125000001 0.3548240734375 0.8646968749999999 0.34664351875 0.8628796875000001 0.32005740781249997 0.8919656249999999 0.3343731484375 0.8949953125000001
2 0.3861240734375 0.8300124999999999 0.40107222187499997 0.8151734375 0.3933074078125 0.8110312499999999 0.37855370312500003 0.827596875 0.3861240734375 0.8300124999999999
2 0.416602778125 0.79688125 0.4272796296875 0.7858375 0.42106759218749995 0.7834218749999999 0.41233148125 0.7923953125 0.416602778125 0.79688125
2 0.436403703125 0.7751390625 0.44183981406250006 0.7678921875 0.43718055624999996 0.7658203125 0.4323268515625 0.773759375 0.436403703125 0.7751390625
2 0.70954444375 0.9987765625 0.677125 0.95253125 0.6041324078125 0.8489953124999999 0.5616175921875 0.7768640625 0.541622221875 0.73855625 0.5373518515625 0.7413171875 0.5519111109375 0.773759375 0.5804481484374999 0.8241453125 0.634027778125 0.9128421875000001 0.69285 0.9994671875 0.70954444375 0.9987765625
2 0.5594824078125 0.747875 0.55249351875 0.7399375 0.55249351875 0.74476875 0.5585120375 0.7530515624999999 0.5594824078125 0.747875
2 0.5606472218749999 0.7589187500000001 0.560259259375 0.7592640625 0.5693833328125 0.7720328125 0.57113055625 0.765475 0.5618120375 0.75270625 0.5606472218749999 0.7589187500000001
2 0.59675555625 0.8082703125 0.5981138890625 0.8003328125 0.5754009265625 0.7720328125 0.5740416671874999 0.7775546875 0.59675555625 0.8082703125
2 0.60374351875 0.8061999999999999 0.60374351875 0.813446875 0.63926944375 0.8586578125000001 0.6664481484375 0.89144375 0.669165740625 0.8807453125 0.620827778125 0.8269078125 0.60374351875 0.8061999999999999
2 0.6775129625 0.8911 0.675377778125 0.9021437499999999 0.7176981484375 0.950459375 0.7637074078125 0.997396875 0.7811787031249999 0.9994671875 0.7145916671875 0.9307874999999999 0.6775129625 0.8911
2 0.8114629624999999 0.8427828125 0.820975 0.8389859375000001 0.7881675921875 0.825871875 0.7831203703125 0.8293234375 0.8114629624999999 0.8427828125
2 0.7413824078125 0.8117218749999999 0.7464296296875 0.810340625 0.7277925921875 0.799296875 0.7229398140625001 0.8003328125 0.7413824078125 0.8117218749999999
2 0.30245462968750003 0.764440625 0.2482916671875 0.7813515625 0.14695648125 0.8096515625 0.001359259375 0.8424375 0.0027175921875000003 0.851065625 0.078234259375 0.8338093750000001 0.177628703125 0.8061999999999999 0.289253703125 0.7713421874999999 0.344775 0.753396875 0.3426388890625 0.7496 0.30245462968750003 0.764440625
3 0.9682740734375 0.8882921874999999 0.952747221875 0.8950796875 0.8364222218749999 0.9339953124999999 0.7328240734375 0.949834375 0.7419870375000001 0.9597890625 0.8331129625000001 0.9466671874999999 0.9362018515624999 0.9113703125000001 0.9675101859374999 0.8968890625 0.9682740734375 0.8882921874999999
3 0.931365740625 0.9267562500000001 0.966747221875 0.9113703125000001 0.96801944375 0.9014140625 0.9000574078125 0.9321859375000001 0.8142768515625001 0.9534546875000001 0.7501324078125 0.9647671875 0.7473324078125 0.965671875 0.7547138890625 0.9769859375 0.800022221875 0.9692921875 0.893184259375 0.9416890625000001 0.931365740625 0.9267562500000001
3 0.9440925921875 0.9367109375 0.9675101859374999 0.9231359375 0.9664925921874999 0.9140859375 0.9199111109375 0.9371640625 0.8667120374999999 0.9575265625 0.8198768515625 0.971103125 0.7643870374999999 0.9815109375000001 0.7626046296875 0.9806046875 0.774059259375 0.99191875 0.8272583328125 0.9819625000000001 0.8967481484375 0.958884375 0.9440925921875 0.9367109375
2 0.9265296296875001 0.8860296875 0.9334018515625001 0.8810515625 0.8860574078125 0.8647609375 0.8804574078125 0.86838125 0.9265296296875001 0.8860296875
2 0.8219129625000001 0.789190625 0.752677778125 0.770184375 0.7506416671875 0.7738046875 0.77635 0.7846656249999999 0.856021296875 0.8041234375 0.9670018515625 0.828559375 0.97005555625 0.8222234374999999 0.8219129625000001 0.789190625