6 0.3516916671875 0.909425 0.47390648124999996 0.9250093749999999 0.4971120375 0.8443343750000001 0.258353703125 0.8140812499999999 0.2000824078125 0.8690875 0.3516916671875 0.909425
2 0.32342499999999996 0.7568125 0.25547129687500003 0.780890625 0.17420648125 0.8049703125000001 0 0.8452390624999999 0.0046703703125 0.8510515625 0.09130648125 0.8327843749999999 0.18705 0.8062156249999999 0.285127778125 0.7779859375 0.37293148125000003 0.7443578125 0.370596296875 0.7414531249999999 0.32342499999999996 0.7568125
2 0.310815740625 0.9257781250000001 0.343040740625 0.887584375 0.3327666671875 0.8842625 0.30871388906249997 0.9278531250000001 0.310815740625 0.9257781250000001
2 0.382272221875 0.8431640625 0.39605 0.8257265625000001 0.38904444374999997 0.8240671875000001 0.3726981484375 0.840671875 0.382272221875 0.8431640625
2 0.4142648140625 0.8033093750000001 0.4238388890625 0.792515625 0.41776759218750004 0.7916859374999999 0.40866018593750003 0.8024796875 0.4142648140625 0.8033093750000001
2 0.43014444375 0.7779859375 0.42991018593749997 0.778815625 0.4348148140625 0.7796453125 0.44065277812500003 0.7725890625 0.4357481484375 0.7705124999999999 0.43014444375 0.7779859375
2 0.7164398140625 1 0.6578259265625 0.9203812499999999 0.584034259375 0.8095359375 0.5464370375 0.749340625 0.5384972218749999 0.7339796875 0.5349944437499999 0.735640625 0.5499398140625 0.7622093750000001 0.5912731484375 0.8348609375 0.6512879625 0.9290984375000001 0.7000935187499999 1 0.7164398140625 1
2 0.5602148140625001 0.749340625 0.55414351875 0.7414531249999999 0.5525083328125 0.7447734374999999 0.5602148140625001 0.7547375 0.5602148140625001 0.749340625
2 0.5737592593749999 0.7725890625 0.5742259265625 0.7684375 0.5623166671875001 0.75390625 0.5618490734375 0.759303125 0.5737592593749999 0.7725890625
2 0.5992129625 0.8049703125000001 0.5996796296875 0.7970828125 0.5781962968750001 0.770096875 0.5758611109375 0.776740625 0.5992129625 0.8049703125000001
2 0.6323722218750001 0.8332 0.6045833328125 0.8033093750000001 0.6052842593750001 0.812028125 0.6043499999999999 0.8128578125000001 0.6305046296875 0.8427484375000001 0.6613287031249999 0.87928125 0.6636638890625 0.868071875 0.6323722218750001 0.8332
2 0.6725379625000001 0.8767906249999999 0.6723046296875 0.8892453124999999 0.71106851875 0.9324203125 0.772484259375 0.9971828125 0.7921 1 0.7141046296875 0.9191359374999999 0.6725379625000001 0.8767906249999999
2 0.8355351859375 0.851465625 0.84604351875 0.8469 0.81265 0.833615625 0.8051777781249999 0.8348609375 0.8355351859375 0.851465625
2 0.7591740734375 0.81659375 0.7650120375 0.8149328125 0.7430611109374999 0.8049703125000001 0.7379240734375 0.8058 0.7591740734375 0.81659375
2 0.6963574078125 0.787534375 0.6951898140625 0.78919375 0.7089675921875 0.792515625 0.714571296875 0.7916859374999999 0.7000935187499999 0.7850421875 0.6963574078125 0.787534375
2 0.9153990734375 0.8780359375 0.9142314812500001 0.87928125 0.9359490734374999 0.8884140625000001 0.93735 0.8796968749999999 0.9224046296875 0.870978125 0.9153990734375 0.8780359375
2 0.9999898140625 0.8286312499999999 0.9999333328125 0.8240671875000001 0.9541629625000001 0.8170093749999999 0.954397221875 0.8211609375 0.9999898140625 0.8286312499999999
2 0.6978138890625 0.751415625 0.6940777781249999 0.7559828125 0.7680481484375 0.77923125 0.9350148140625001 0.8207453125 0.936472221875 0.8207453125 0.9374055562500001 0.8157640625000001 0.8411953703125 0.7933453125 0.7650685187499999 0.7725890625 0.6978138890625 0.751415625