6 0.47393888906250004 0.9930046875 0.5038388890625 0.8781203124999999 0.23570648125 0.8249656249999999 0.12575277812500002 0.8969828124999999 0.1942324078125 0.9501375 0.47393888906250004 0.9930046875
2 0.26530648125 0.9856953125000001 0.30208888906250003 0.941496875 0.289147221875 0.9360484375 0.24419166718750002 0.9832734375 0.26530648125 0.9856953125000001
2 0.3586240734375 0.8736843750000001 0.3817833328125 0.84825625 0.370203703125 0.8440171875000001 0.3480666671875 0.8694468750000001 0.3586240734375 0.8736843750000001
2 0.4038240734375 0.8193843749999999 0.41426944375 0.80656875 0.40794351874999996 0.805 0.39735092656250004 0.8172921875 0.4038240734375 0.8193843749999999
2 0.4229490734375 0.787215625 0.4228018515625 0.7882625 0.42765648125 0.789046875 0.43486481406250005 0.7801546874999999 0.42956851875 0.77989375 0.4229490734375 0.787215625
2 0.001815740625 0.8526374999999999 0.041684259375 0.8466546875000001 0.2206666671875 0.7989499999999999 0.31237222187499997 0.7674546875 0.31080833281250003 0.7609703125 0.2662583328125 0.7781078124999999 0.1995638890625 0.7994125000000001 0.000521296875 0.8461921875 0.001815740625 0.8526374999999999
2 0.6104148140625 0.843875 0.556225 0.7637484375 0.5398120375000001 0.735496875 0.5361648140625 0.7387390625 0.5424166671874999 0.7503171875 0.6145833328125 0.8707390625 0.7008175921875 0.9985703125000001 0.720877778125 1 0.6104148140625 0.843875
2 0.5650833328125 0.753559375 0.55700648125 0.7442968750000001 0.5564851859375 0.749390625 0.564040740625 0.7577281250000001 0.5650833328125 0.753559375
2 0.568209259375 0.766065625 0.5676879625 0.766990625 0.58175648125 0.7832015625000001 0.58175648125 0.7762546875 0.5695120375 0.7577281250000001 0.568209259375 0.766065625
2 0.6164064812500001 0.82535 0.617709259375 0.8133078125000001 0.5877490734374999 0.779959375 0.5877490734374999 0.79015 0.6164064812500001 0.82535
2 0.6640833328125 0.8647171874999999 0.625003703125 0.823496875 0.624222221875 0.8313703125 0.6244833328125 0.8309078124999999 0.65939351875 0.872128125 0.7130620375000001 0.9304859375 0.7143648140625001 0.9179812500000001 0.6640833328125 0.8647171874999999
2 0.7761101859374999 0.995328125 0.7938259265625 0.9990343749999999 0.7263490734375 0.9304859375 0.7253074078124999 0.9425281249999999 0.7761101859374999 0.995328125
2 0.8910018515625 0.8693500000000001 0.9001203703125 0.8656437499999999 0.8579148140624999 0.850359375 0.8521833328125 0.852675 0.8910018515625 0.8693500000000001
2 0.7927833328125 0.8309078124999999 0.8003388890625001 0.8272015625 0.7727231484375 0.8160859374999999 0.7680333328125 0.81655 0.7927833328125 0.8309078124999999
2 0.7688148140625 0.7720859375 0.7664703703125 0.77764375 0.8558314812500001 0.801728125 0.997297221875 0.82998125 0.9978185187499999 0.823496875 0.8563518515625 0.7980234375 0.7688148140625 0.7720859375