6 0.467584259375 0.8319515624999999 0.24603518593749998 0.8015484374999999 0.183846296875 0.840934375 0.42133055625000004 0.9017406250000001 0.467584259375 0.8319515624999999
2 0.2686638890625 0.8857453124999999 0.2677101859375 0.8857453124999999 0.279152778125 0.8925265625 0.31443425937499997 0.86413125 0.3053759265625 0.8590453124999999 0.2686638890625 0.8857453124999999
2 0.3611583328125 0.831075 0.379990740625 0.8170890625 0.373315740625 0.8153937499999999 0.35209999999999997 0.8289562500000001 0.3611583328125 0.831075
2 0.40175740781249997 0.79593125 0.4047833328125 0.7984421875 0.41956388906250003 0.7895421875 0.41431851875000003 0.787 0.40175740781249997 0.79593125
2 0.4329129625 0.7742859375 0.430290740625 0.7793703125 0.4372046296875 0.781065625 0.45007685156250005 0.7734375 0.4429259265625 0.767928125 0.4329129625 0.7742859375
2 0.11277685156249999 0.9912593749999999 0.1404111109375 0.99 0.1775990734375 0.9654203125 0.167825 0.9573671875 0.11277685156249999 0.9912593749999999
2 0 0.79759375 0.13993425937499998 0.785728125 0.2426796296875 0.7717421875 0.2629425921875 0.770046875 0.2610351859375 0.7675046875 0.2348129625 0.7704718749999999 0.13087500000000002 0.781490625 0 0.7916609375 0 0.79759375
2 0.71301944375 1 0.7316138890625 0.9993234375 0.6875120375 0.9408390624999999 0.631490740625 0.857775 0.6007388890625001 0.794628125 0.594778703125 0.7675046875 0.5950175921875 0.7560625 0.596447221875 0.7488578125 0.59191851875 0.7463140625 0.591202778125 0.7514000000000001 0.5885805562499999 0.7603 0.5907259265625 0.7793703125 0.597877778125 0.804375 0.6167111109375 0.851840625 0.6562833328125001 0.9179546875 0.71301944375 1
2 0.6109888890625 0.7484328125 0.617902778125 0.7382625 0.6141888890625 0.736709375 0.608128703125 0.7429234375 0.608128703125 0.7687765625 0.6119425921875 0.781065625 0.624577778125 0.8056468750000001 0.6252925921875 0.7954749999999999 0.6167111109375 0.776828125 0.6105129625 0.7603 0.6109888890625 0.7484328125
2 0.6629583328125 0.84845 0.63220555625 0.8039515625 0.6302990734375 0.8162421875 0.6310138890625 0.8175125 0.6777379625 0.882778125 0.69943148125 0.902696875 0.69943148125 0.8882875 0.6629583328125 0.84845
2 0.7089666671875 0.915834375 0.7835824078125 0.9989000000000001 0.8088518515625 1 0.7518768515625001 0.945078125 0.7096824078124999 0.90396875 0.7089666671875 0.915834375
2 0.7480148140625 0.7578437499999999 0.7527231484375 0.7556406250000001 0.740334259375 0.7492546875 0.73649351875 0.75145625 0.7480148140625 0.7578437499999999
2 0.7871629625 0.7752421875 0.791375 0.7726 0.774278703125 0.7655515625 0.77118148125 0.766653125 0.7871629625 0.7752421875
2 0.8483620374999999 0.7983671875 0.8525740734375 0.794403125 0.8273009265625 0.7860343750000001 0.8232129625000001 0.7895578125 0.8483620374999999 0.7983671875
2 0.947840740625 0.8294218750000001 0.9536638890625 0.8243562499999999 0.9148879624999999 0.8131234375 0.9096842593750001 0.816646875 0.947840740625 0.8294218750000001
2 0.9236833328125 0.7426468749999999 0.8585203703125 0.73295625 0.8318851859375 0.7272296875 0.799303703125 0.716659375 0.7939759265624999 0.717759375 0.793728703125 0.7182000000000001 0.8276731484375001 0.7298734375 0.8593870375 0.73581875 0.9221972218750001 0.7461703125 1 0.756521875 0.9995009265625001 0.751896875 0.9236833328125 0.7426468749999999