9 0.46799537031250005 0.7443187499999999 0.4785629625 0.7492390624999999 0.47919166718749995 0.7476734375 0.482965740625 0.7483453124999999 0.47969537031250004 0.7590796875 0.49315648124999995 0.7597515625 0.49365925937500005 0.743871875 0.4979370375 0.743425 0.490765740625 0.7335843750000001 0.48195925937500006 0.740740625 0.46799537031250005 0.7443187499999999
8 0.5759361109375 0.732465625 0.57908148125 0.743425 0.5832324078125 0.7429765625 0.6013490734375 0.7577390625 0.6131740734375 0.7555015625 0.5930453703125 0.7423062500000001 0.596190740625 0.7411875 0.5759361109375 0.732465625
2 0.45000462968750005 0.7219234375 0.337003703125 0.812784375 0.125378703125 0.982440625 0.1756888890625 0.9739218749999999 0.2783083328125 0.8851906250000001 0.408078703125 0.769484375 0.45958703749999996 0.7219234375 0.45000462968750005 0.7219234375
2 0.6025342593749999 0.8553765625 0.5729870375 0.8007171874999999 0.5626055562500001 0.8042671875 0.59015648125 0.8603453125 0.6025342593749999 0.8553765625
2 0.5392601859374999 0.744346875 0.5328842593750001 0.7336984375 0.5296000000000001 0.7364453125 0.535396296875 0.74778125 0.5392601859374999 0.744346875
2 0.6989111109375 0.7586390625 0.5861518515624999 0.71284375 0.585665740625 0.7206203125 0.5851796296875 0.7206203125 0.6780120375 0.759503125 0.8607592593750001 0.8320828125 0.9983055562500001 0.8692375 0.9973333328124999 0.8571406250000001 0.862702778125 0.815665625 0.6989111109375 0.7586390625
2 0.7690805562499999 0.7670953125 0.8018166671875001 0.7734328125000001 0.8031296296875 0.7652609375 0.7696388890625 0.757671875 0.7690805562499999 0.7670953125
2 0.85960555625 0.7769359375 0.8116666671875 0.7670125 0.8146222218749999 0.7734328125000001 0.8605898140624999 0.785690625 0.85960555625 0.7769359375
2 0.9295425921874999 0.7909453125 0.8694555562499999 0.7804375 0.8701120375 0.7880265625 0.9315129625 0.800284375 0.9295425921874999 0.7909453125
2 0.9998083328125 0.8032031249999999 0.9420194437499999 0.7938640625 0.9430046296875 0.8037859375 1 0.8125421875000001 0.9998083328125 0.8032031249999999
2 0.76143055625 0.7553375 0.734834259375 0.7483328124999999 0.7364759265624999 0.7565046875 0.76143055625 0.7623421875 0.76143055625 0.7553375
2 0.7282675921874999 0.7500843749999999 0.7095518515625 0.7424953125 0.7092231484375 0.7495 0.7289240734375 0.7541703125 0.7282675921874999 0.7500843749999999