9 0.460303703125 0.7618328125 0.473375 0.7671953125 0.4741796296875 0.76505 0.47981018593749997 0.765765625 0.473777778125 0.7847140625 0.49167500000000003 0.7847140625 0.49227777812499995 0.7604031250000001 0.4979083328125 0.75933125 0.48926203749999997 0.7457453125 0.47659259218749994 0.75575625 0.460303703125 0.7618328125
8 0.5924231484375 0.7439578124999999 0.59845555625 0.758615625 0.6040861109375 0.7582578125 0.6326416671875 0.7804234375 0.648728703125 0.77720625 0.61575 0.756828125 0.6195703703125 0.7553984375 0.5924231484375 0.7439578124999999
2 0.4473175921875 0.7248328125 0.3321879625 0.8180453125 0.12319537031250001 0.98230625 0.16829351875 0.9764390625000001 0.3314546296875 0.8382515625 0.41395185156250003 0.7639437499999999 0.4524509265625 0.7293968750000001 0.4473175921875 0.7248328125
2 0.6720759265625 0.9718765625 0.61634444375 0.8754062499999999 0.6046120375 0.8793171875000001 0.6508101859375001 0.9731796875000001 0.6720759265625 0.9718765625
2 0.5509351859375 0.7612875 0.5417055562499999 0.7471296875 0.5362750000000001 0.7477734375 0.54478148125 0.7645046875 0.5509351859375 0.7612875
2 0.8790194437500001 0.820490625 0.6627703703125001 0.74626875 0.59590648125 0.7184359375 0.5936231484375 0.7230749999999999 0.5942759265625 0.724234375 0.6520074078125 0.7497484375 0.7632296296875001 0.79555625 0.935772221875 0.8547015625000001 0.998396296875 0.8697781250000001 0.998722221875 0.854121875 0.8790194437500001 0.820490625
2 0.70486851875 0.741878125 0.6920212968749999 0.7384937500000001 0.6913861109375 0.7438515625 0.70693055625 0.7472359375 0.70486851875 0.741878125
2 0.7137509265624999 0.7492093750000001 0.7135925921874999 0.749490625 0.7342120375000001 0.754003125 0.7331009265625 0.7497734375 0.713909259375 0.7435703124999999 0.7137509265624999 0.7492093750000001
2 0.7673611109375 0.7624625 0.765775 0.75766875 0.741190740625 0.7511828125 0.7402388890625 0.756540625 0.7673611109375 0.7624625
2 0.8095518515625001 0.7743046875 0.8122481484374999 0.7695109375 0.774815740625 0.759078125 0.7743398140625 0.7666921875 0.8095518515625001 0.7743046875
2 0.8187518515625 0.7759968749999999 0.8184111109375 0.7762781249999999 0.8650425921875 0.7872765625 0.8655185187500001 0.7813546875 0.819702778125 0.7700750000000001 0.8187518515625 0.7759968749999999
2 0.8769379624999999 0.7898140625 0.8768824078125 0.7906593749999999 0.940802778125 0.8027843750000001 0.941596296875 0.7948890625 0.876621296875 0.7824828125 0.8769379624999999 0.7898140625
2 1 0.805040625 0.9530166671875 0.7968625 0.952540740625 0.8047578124999999 1 0.8140640625 1 0.805040625