9 0.43217037031250005 0.8273046875000001 0.45251944374999997 0.8428078125 0.45421481406249997 0.8359171875 0.46463148125 0.8389312500000001 0.4479166671875 0.90353125 0.4808620375 0.9039624999999999 0.48691851875000003 0.8204140625 0.49660833281250005 0.8195515625 0.484253703125 0.787253125 0.46075555625 0.8139531249999999 0.43217037031250005 0.8273046875000001
8 0.6690888890625 0.8109390624999999 0.7543601859375 0.8755390625 0.7802805562499999 0.8677859375000001 0.6860462968750001 0.809646875 0.6913759265625 0.8074937500000001 0.6395351859375 0.7842374999999999 0.661821296875 0.81223125 0.6690888890625 0.8109390624999999
2 0.295621296875 0.8549984374999999 0.1395879625 0.9790765625000001 0.1881231484375 0.9719453124999999 0.3060509265625 0.8699734375 0.43801759218749997 0.7516 0.43400648124999996 0.740190625 0.295621296875 0.8549984374999999
2 0.5751981484375001 0.8279 0.5876333328125 0.8286140625 0.5627638890625 0.7879671874999999 0.5547416671875001 0.78868125 0.5751981484375001 0.8279
2 0.5331453703125 0.746515625 0.5383925921875 0.7459140625 0.5338222218750001 0.7365875 0.529590740625 0.7371890624999999 0.5331453703125 0.746515625
2 0.7011509265625 0.7663609375 0.6067990734375 0.729428125 0.5977101859375 0.7317359375 0.8547990734375001 0.8356109375 0.9976259265625 0.876390625 0.9954620375 0.861771875 0.8599925921875 0.82406875 0.7011509265625 0.7663609375
2 0.7167703703125 0.7514125 0.700475 0.7471734375 0.700475 0.751765625 0.7183601859375 0.7549453125000001 0.7167703703125 0.7514125
2 0.74618055625 0.7641312499999999 0.745584259375 0.7595375 0.7249175921875 0.7531796875000001 0.7239240734375 0.758478125 0.74618055625 0.7641312499999999
2 0.7573083328125 0.7683703125 0.7559175921875 0.7680171875 0.7811546296875 0.7750828125 0.7815518515625001 0.7694296875 0.754128703125 0.7613046875 0.7573083328125 0.7683703125
2 0.7909046296875 0.7767484375 0.8306342593749999 0.7839140625 0.8306342593749999 0.778615625 0.7910898140625 0.7704890625 0.7909046296875 0.7767484375
2 0.8948203703125 0.802990625 0.8968074078124999 0.794159375 0.84076944375 0.7825015625 0.8401731484375 0.787446875 0.8948203703125 0.802990625
2 0.9063453703125001 0.8040499999999999 0.9064722218749999 0.80334375 0.9762222218750001 0.815709375 0.97483055625 0.8104093750000001 0.9053518515625001 0.7973390625000001 0.9063453703125001 0.8040499999999999