9 0.4510925921875 0.8480921875 0.40709999999999996 0.87175625 0.4308388890625 0.9032500000000001 0.4354453703125 0.8868734375 0.45068055625000003 0.8919124999999999 0.430484259375 0.9725374999999999 0.47335555625000003 0.97505625 0.4822138890625 0.8578984374999999 0.49607314843749994 0.8579125 0.4800879625 0.8075078124999999 0.4510925921875 0.8480921875
8 0.7171203703125 0.8402625 0.8740787031249999 0.9504906249999999 0.9031324078124999 0.9353734375 0.7366074078125 0.8371124999999999 0.7451101859375 0.8339624999999999 0.67070555625 0.79995 0.7082620375 0.8434109375000001 0.7171203703125 0.8402625
2 0.44992129687500004 0.7107328125000001 0.413927778125 0.7556765624999999 0.31537314843750003 0.8356625 0.1392611109375 0.9796374999999999 0.1851101859375 0.9773531249999999 0.3903601859375 0.786909375 0.42206944375 0.7572015624999999 0.453777778125 0.71301875 0.44992129687500004 0.7107328125000001
2 0.6010101859375 0.8689609375 0.615172221875 0.867434375 0.5786953703125 0.8079281249999999 0.57075648125 0.8094531249999999 0.6010101859375 0.8689609375
2 0.5374981484375 0.7495640625 0.5424333328125 0.7491828125 0.53578148125 0.7365953125 0.53191944375 0.7369765625 0.5374981484375 0.7495640625
2 0.876502778125 0.8235640625 0.7682055562500001 0.7881125 0.6632824078125 0.7482984375 0.6062194437499999 0.7259359375 0.600390740625 0.725390625 0.7086879625 0.77393125 0.8737416671875 0.8339265625 0.997377778125 0.8731953125 0.9995259265625001 0.859015625 0.876502778125 0.8235640625
2 0.754409259375 0.756815625 0.7313240734375 0.7502234375 0.7320416671875 0.7546890625 0.7536916671875 0.76085625 0.754409259375 0.756815625
2 0.7629018515625 0.7591546874999999 0.7624240734375001 0.76255625 0.76254351875 0.76234375 0.76254351875 0.76213125 0.7938824078125 0.7725515625 0.7942416671875 0.766809375 0.7629018515625 0.7591546874999999
2 0.8443601859375001 0.7855234375 0.8445990734375 0.7780796875 0.8032120375 0.7680859375 0.8033324078125 0.7740390625 0.8443601859375001 0.7855234375
2 0.8554648140625 0.786846875 0.8557129625 0.785965625 0.9129583328124999 0.8005046874999999 0.9132064812499999 0.792575 0.8567037031250001 0.7797984375 0.8554648140625 0.786846875
2 0.9991990734374999 0.817246875 0.9991990734374999 0.808434375 0.9253490734375 0.79345625 0.92460648125 0.8027078124999999 0.9991990734374999 0.817246875