9 0.4428916671875 0.786059375 0.45958055625 0.794209375 0.46013055625000004 0.791928125 0.46893333281249994 0.7925796875 0.4592138890625 0.821596875 0.48085370312500003 0.8229 0.4841546296875 0.782146875 0.4922240734375 0.78149375 0.48213796249999996 0.7629109374999999 0.46489907343750003 0.7779078125 0.4428916671875 0.786059375
8 0.6242666671875 0.7775828125 0.66883055625 0.8134453125000001 0.6891870375 0.8095328125 0.6369203703124999 0.7766046875 0.641872221875 0.7749734375 0.60574351875 0.758671875 0.6182148140625 0.7795390624999999 0.6242666671875 0.7775828125
2 0.45326666718749997 0.7145703125 0.4208324078125 0.7430359375 0.258247221875 0.8707687500000001 0.1071583328125 0.9831734375 0.1519101859375 0.9795234374999999 0.2886296296875 0.8685796874999999 0.416315740625 0.7554453125 0.45696203750000003 0.71895 0.45326666718749997 0.7145703125
2 0.5895370375 0.8692890625 0.6020231484375 0.8662890624999999 0.5686148140625 0.8050968749999999 0.561527778125 0.8104968749999999 0.5895370375 0.8692890625
2 0.524222221875 0.7364984375 0.5243888890624999 0.737090625 0.5300518515625 0.748640625 0.5363824078125 0.7477515625 0.52971944375 0.737090625 0.524222221875 0.7364984375
2 0.9976953703125 0.860653125 0.9391564812500001 0.8477390625 0.7970833328125 0.7998828125 0.6688388890625 0.7505078125 0.583675 0.7151859375 0.580684259375 0.7174640625 0.6362314812500001 0.745190625 0.7184851859375 0.7805125 0.8482916671874999 0.8310281249999999 0.9682870375 0.8712875 0.9976953703125 0.8743265625 0.9976953703125 0.860653125
2 0.7330379625 0.751259375 0.712659259375 0.746059375 0.7129518515625 0.7505671875 0.732647221875 0.7562875 0.7330379625 0.751259375
2 0.76696944375 0.7616609375000001 0.7396675921875 0.7536875000000001 0.740740740625 0.7573265625000001 0.7682370374999999 0.7661671875 0.76696944375 0.7616609375000001
2 0.81240648125 0.7718875 0.7763296296875 0.763740625 0.7762324078125 0.76738125 0.8120157406249999 0.776221875 0.81240648125 0.7718875
2 0.8727611109375 0.785234375 0.8225462968749999 0.7739671875 0.8224490734375 0.7795140625 0.872371296875 0.7900890625 0.8727611109375 0.785234375
2 0.9532999999999999 0.8013562500000001 0.8843648140625 0.787834375 0.8834870374999999 0.7928625 0.953397221875 0.8077687499999999 0.9532999999999999 0.8013562500000001
2 1 0.8082890624999999 0.96578055625 0.8027421875 0.9662675921874999 0.809503125 0.9993222218750001 0.8162625 1 0.8082890624999999