9 0.4647240734375 0.751028125 0.47629814843749996 0.7561734375 0.4768018515625 0.7534890625 0.4815824078125 0.7539359375 0.47818518593750003 0.7644484375 0.4910175921875 0.7648953125 0.4908916671875 0.75058125 0.4961759265625 0.7499109374999999 0.4881240734375 0.739621875 0.4773046296875 0.7467796875 0.4647240734375 0.751028125
8 0.581597221875 0.7483453124999999 0.5979518515625 0.7622109375 0.6111611109374999 0.760421875 0.5905296296875 0.7472265625000001 0.5935490734375 0.74655625 0.5739231484375 0.7385046875 0.5771944437500001 0.74856875 0.581597221875 0.7483453124999999
2 0.4620629625 0.712446875 0.40623240781250003 0.7611625 0.27573055625 0.8652890624999999 0.1157731484375 0.98585625 0.1661231484375 0.97855 0.29799444375 0.8677250000000001 0.4312361109375 0.750809375 0.46583148124999996 0.7148828125 0.4620629625 0.712446875
2 0.5360768515625 0.7582734375 0.54570648125 0.7769734374999999 0.5518861109375 0.7764375 0.5416379625000001 0.7587546875 0.5360768515625 0.7582734375
2 0.52701944375 0.7333031250000001 0.52295 0.7274078125 0.5202379625 0.7274078125 0.5232518515625 0.73410625 0.52701944375 0.7333031250000001
2 0.8944092593749999 0.8317171875 0.710946296875 0.771490625 0.6043046296875 0.729078125 0.570665740625 0.7129609375 0.566371296875 0.7159296875 0.6303092593749999 0.74561875 0.8123398140625 0.8164484375000001 0.9268546296875 0.84910625 0.9998583328124999 0.86776875 1 0.8563171875 0.8944092593749999 0.8317171875
2 0.7125453703125 0.7492328125000001 0.6956694437500001 0.7450875 0.6956694437500001 0.74785 0.71354444375 0.7514031250000001 0.7125453703125 0.7492328125000001
2 0.73985648125 0.75535 0.7199833328125 0.75120625 0.7195398140625 0.7545609375 0.7424101859375 0.7594953125 0.73985648125 0.75535
2 0.7781601859375 0.7654171875 0.750403703125 0.7581140625 0.7500712968750001 0.7618640625 0.7780490734375001 0.76896875 0.7781601859375 0.7654171875
2 0.8267879625000001 0.7764703125 0.7870416671875 0.7675875 0.7872638890625 0.7715359375 0.8273425921875001 0.779825 0.8267879625000001 0.7764703125
2 0.9754472218749999 0.8015359375 0.901728703125 0.791075 0.9013953703125 0.7958125 0.9748925921874999 0.80666875 0.9754472218749999 0.8015359375