9 0.4546583328125 0.7677578125 0.46861203749999997 0.7736515625 0.46888796250000003 0.7711953125 0.47579537031249997 0.772178125 0.46999351875000006 0.7893703125 0.48629537031250003 0.790353125 0.4875388890625 0.7657921875 0.49444629687499997 0.7657921875 0.48491388906250005 0.7517921875 0.4715129625 0.7621078125 0.4546583328125 0.7677578125
8 0.60141944375 0.7637359375 0.62751851875 0.7855109375 0.6462916671875 0.7834765625 0.6114925921875 0.7621078125 0.6164148140625 0.76129375 0.5883703703125 0.7496953125 0.595696296875 0.7637359375 0.60141944375 0.7637359375
2 0.28322314843749996 0.854628125 0.11328981406250001 0.9820640624999999 0.16341759218750002 0.9749343749999999 0.244625 0.912553125 0.4641861109375 0.7147140624999999 0.46067685156250004 0.712040625 0.28322314843749996 0.854628125
2 0.5322574078125 0.7412390624999999 0.52631851875 0.7328812499999999 0.5216166671875 0.732440625 0.5273083328125 0.7429984375 0.5322574078125 0.7412390624999999
2 0.57234351875 0.81074375 0.5530425921875 0.7790703125 0.5463611109375 0.78215 0.5624453703125 0.8125031249999999 0.57234351875 0.81074375
2 0.6913648140624999 0.76499375 0.5767972218749999 0.7166046875000001 0.5728379625 0.7201234375000001 0.652021296875 0.7566359375 0.8296870375 0.8265812499999999 0.9981981484375 0.87936875 0.9991879625 0.8613328125 0.8581435187500001 0.8235015625000001 0.6913648140624999 0.76499375
2 0.7153175921875 0.749440625 0.6978490734375 0.7448 0.6972462968750001 0.7499765625 0.7138120375 0.753725 0.7153175921875 0.749440625
2 0.7445333328125 0.7622921875 0.74393055625 0.7581859375 0.72184351875 0.751940625 0.7208398140625001 0.7556875 0.721040740625 0.7562234375 0.7445333328125 0.7622921875
2 0.7811768515625 0.7660390625 0.7530666671875 0.759971875 0.7516611109375 0.7638984375 0.781578703125 0.77139375 0.7811768515625 0.7660390625
2 0.830772221875 0.77906875 0.7900120375 0.769253125 0.7904138890625 0.774428125 0.832177778125 0.7844234375 0.830772221875 0.77906875
2 0.897134259375 0.7937046875 0.8406111109375001 0.781925 0.8419166671875 0.786921875 0.8957287031250001 0.798165625 0.897134259375 0.7937046875
2 0.9842768515625 0.8095890625 0.9077759265625 0.7954890625 0.9077759265625 0.80209375 0.984477778125 0.8154796875000001 0.9842768515625 0.8095890625