8 0.2309509265625 0.7526328125 0.19575092656249998 0.76169375 0.2080148140625 0.765659375 0.24178148125 0.7557484375 0.24799351875000003 0.756596875 0.2545231484375 0.7483859374999999 0.2250574078125 0.7515 0.2309509265625 0.7526328125
0 0.287334259375 0.7192203125 0.22935740781249997 0.7353609375 0.25595648125000003 0.7418734375 0.31281851875 0.7492359375000001 0.3336833328125 0.740175 0.348177778125 0.72828125 0.312340740625 0.72261875 0.287334259375 0.7192203125
2 0.52838055625 0.7059734375 0.641840740625 0.8724984375 0.7117629625 0.8877437499999999 0.7137425921875 0.876015625 0.6543740734375 0.8642890624999999 0.5323379625 0.7048 0.52838055625 0.7059734375
2 0.41162222187499997 0.8173812500000001 0.3938120375 0.8420078125 0.4063453703125 0.8490437500000001 0.41953796250000003 0.8208984375 0.41162222187499997 0.8173812500000001
2 0.09370925937499999 0.850578125 0.0746629625 0.8356796875000001 0.0072379625 0.8627687500000001 0.0251416671875 0.88173125 0.023999073437499997 0.8796984374999999 0.09370925937499999 0.850578125
2 0.1668481484375 0.804528125 0.12037407343749999 0.823490625 0.137897221875 0.8329718749999999 0.183609259375 0.8106234375 0.1668481484375 0.804528125
2 0.234653703125 0.7781171875 0.1999888890625 0.7943703125 0.213702778125 0.80181875 0.250272221875 0.783534375 0.234653703125 0.7781171875
2 0.257375 0.7727609375 0.2708731484375 0.777234375 0.3344731484375 0.750390625 0.42781481406250005 0.70361875 0.42255277812500003 0.7019921874999999 0.3697046296875 0.725175 0.325322221875 0.7455109375 0.257375 0.7727609375
2 0.10828148124999999 0.75180625 0.1368333328125 0.7460609375 0.13225462968749999 0.741271875 0.0670703703125 0.74701875 0.0697638890625 0.7527640625 0.10828148124999999 0.75180625
2 0.2308148140625 0.7269109375 0.1600953703125 0.73866875 0.16433518593750002 0.74379375 0.235902778125 0.7302265625000001 0.2308148140625 0.7269109375
2 0.35578703749999996 0.7001203125 0.2929398140625 0.7129109375 0.2985203703125 0.7157828125 0.3591638890625 0.704296875 0.35578703749999996 0.7001203125