10 0.4126601859375 0.6803874999999999 0.3981111109375 0.66014375 0.3736509265625 0.6841359375 0.38503703749999996 0.6848859375 0.3685898140625 0.7369921875000001 0.398953703125 0.739615625 0.401484259375 0.703628125 0.4109731484375 0.705128125 0.4124490734375 0.7182484375 0.43543333281249996 0.6995046874999999 0.4126601859375 0.6803874999999999
8 0.1933620375 0.6541453125000001 0.13305462968749998 0.688259375 0.156671296875 0.69688125 0.2136046296875 0.65901875 0.222672221875 0.66201875 0.2378546296875 0.6376515625 0.1883009265625 0.651521875 0.1933620375 0.6541453125000001
2 0.8802083328125001 0.8904328125 0.8802083328125001 0.8935187499999999 0.9079861109375 0.8873453124999999 0.6588546296875 0.69753125 0.6467018515625 0.706790625 0.8802083328125001 0.8904328125
2 0.5073194437499999 0.724184375 0.4796416671875 0.64371875 0.47052407343749997 0.6448765625 0.49462037031249995 0.7247625 0.5073194437499999 0.724184375
2 0.473972221875 0.63040625 0.46787407343750004 0.60410625 0.4616629625 0.6033031249999999 0.4682129625 0.63020625 0.473972221875 0.63040625
2 0.46601574062499995 0.5995 0.46391296249999997 0.5849109375 0.45889444375000005 0.5849109375 0.4610648140625 0.5998609375 0.46601574062499995 0.5995
2 0.4591666671875 0.583703125 0.45953148125 0.5834265624999999 0.46322962968750003 0.5834265624999999 0.462603703125 0.5750921875 0.4590629625 0.5746296875 0.4591666671875 0.583703125
2 0.4627601859375 0.5734265625 0.46333333281250005 0.5611109375 0.4608333328125 0.56055625 0.4597398140625 0.5735187500000001 0.4627601859375 0.5734265625
2 0.27822685156250004 0.7002625 0.314502778125 0.6613249999999999 0.3425648140625 0.630296875 0.33606203749999997 0.6266468749999999 0.307315740625 0.651590625 0.2648796296875 0.6972203125 0.27822685156250004 0.7002625
2 0.379684259375 0.5956578125 0.3749361109375 0.5912265624999999 0.3515546296875 0.6131703125 0.356184259375 0.618234375 0.3560648140625 0.6184453125 0.379684259375 0.5956578125
2 0.3953768515625 0.5755421875 0.3793324078125 0.5888015625 0.3845361109375 0.5938890625 0.3999731484375 0.5797046875 0.3953768515625 0.5755421875
2 0.11250370312499999 0.6416890625 0 0.68335625 0.0012787031250000001 0.6977515624999999 0.12230555624999999 0.6492640625 0.11250370312499999 0.6416890625
2 0.2862425921875 0.5865859375 0.28095462968749996 0.5821984375 0.21644444375 0.6041328125 0.220675 0.6166671874999999 0.220675 0.6147875 0.2862425921875 0.5865859375