4 0.38290555625 0.6411828125000001 0.3242 0.6352953125 0.273622221875 0.62673125 0.24351666718749998 0.6229859375 0.1875203703125 0.64439375 0.3182166671875 0.67061875 0.39588888906249997 0.6845343749999999 0.50426851875 0.6936328125 0.5939833328125 0.6973796875 0.5972574078124999 0.694703125 0.5620342593750001 0.6577734375000001 0.505134259375 0.6534921875 0.4575675921875 0.650815625 0.38290555625 0.6411828125000001
4 0.8622240734375 0.6834640624999999 0.8128509265625 0.6834640624999999 0.7333722218750001 0.6775765625 0.6843 0.672225 0.629809259375 0.6658015625 0.6578074078125 0.6866749999999999 0.6963425921875 0.69416875 0.7424046296875 0.7070140625 0.7746175921875 0.7075484375000001 0.8215824078124999 0.710225 0.8974481484375 0.7096890625000001 0.9308657406249999 0.7070140625 0.8622240734375 0.6834640624999999
2 0.24707037031249998 0.807765625 0.2326074078125 0.865615625 0.2506861109375 0.8677578125000001 0.2645453703125 0.8109796875 0.24707037031249998 0.807765625
2 0.3566916671875 0.739909375 0.3441648140625 0.736815625 0.25647037031250003 0.8036296875 0.27038981406249996 0.8098171875 0.3566916671875 0.739909375
2 0.3576648140625 0.7371859374999999 0.3541861109375 0.6904671875 0.3451046296875 0.68875 0.346071296875 0.7354671875000001 0.3576648140625 0.7371859374999999
2 0.7439268515624999 0.886271875 0.6919490734375 0.84333125 0.6755240734375 0.847796875 0.7292416671875 0.89108125 0.7439268515624999 0.886271875
2 0.688277778125 0.8409265625 0.6569740734375 0.7591703125 0.6451879625 0.7602015625 0.6735916671875 0.8412703125000001 0.688277778125 0.8409265625
2 0.6428981484375 0.7591265625 0.6529398140625 0.7568953125 0.65545 0.7557796875 0.5880472218749999 0.711375 0.57775555625 0.7115984375 0.5761231484375 0.7133828125 0.6428981484375 0.7591265625
2 0.48075925937499997 0.56549375 0.479371296875 0.5649453125 0.4796796296875 0.5682359375 0.5112879625 0.6093515625 0.5561574078125 0.6586921875 0.5620166671875 0.65814375 0.5338 0.6257984375000001 0.5099009265625 0.6000328125000001 0.48245555625 0.566590625 0.48075925937499997 0.56549375
2 0.4121453703125 0.6123671875000001 0.3897879625 0.6452609375 0.3971888890625 0.6460828125 0.4193916671875 0.6137374999999999 0.4121453703125 0.6123671875000001
2 0.4330898140625 0.5920156249999999 0.4280148140625 0.5899578125 0.4184870375 0.6072124999999999 0.423384259375 0.6092703125 0.4330898140625 0.5920156249999999
2 0.4394583328125 0.5812375000000001 0.435928703125 0.5786718750000001 0.43079537031250004 0.5879875 0.43432407343749996 0.5905546875 0.4394583328125 0.5812375000000001
2 0.3788703703125 0.5775109375 0.3752203703125 0.57578125 0.2469833328125 0.621203125 0.2491731484375 0.62423125 0.3788703703125 0.5775109375