8 0.40741851875 0.8813609375 0.3606888890625 0.9687609374999999 0.400603703125 0.968328125 0.4244546296875 0.883090625 0.44343888906249995 0.8848218749999999 0.4332166671875 0.8398234375 0.390625 0.8813609375 0.40741851875 0.8813609375
11 0.7135074078125 0.8551203125000001 0.715209259375 0.85350625 0.7182731484375 0.8537078125 0.73518055625 0.8664171875 0.7464138890625 0.8464453125 0.6935370375 0.8351484375 0.694678703125 0.8365953125000001 0.7121111109375 0.8489734375 0.7054731484375 0.8507 0.70083148125 0.8527156250000001 0.6991583328125001 0.8561703125 0.7000351859375 0.8600125000000001 0.7194564812500001 0.879890625 0.8200916671874999 0.970390625 0.8530481484375001 0.956790625 0.7967240734375001 0.9196640625000001 0.7213370375 0.8631890625 0.71475555625 0.858346875 0.71339444375 0.8563296875 0.7135074078125 0.8551203125000001
2 0.6641768515625001 0.9490546875 0.632375 0.89159375 0.6167351859375 0.8906656249999999 0.646972221875 0.950909375 0.6641768515625001 0.9490546875
2 0.5739861109375 0.8035453125 0.5646018515625 0.785009375 0.5557398140625 0.7868625 0.5651231484375 0.8063265625 0.5739861109375 0.8035453125
2 0.2546231484375 0.8744249999999999 0.2015638890625 0.9172515625000001 0.2174203703125 0.92213125 0.267125 0.87659375 0.2546231484375 0.8744249999999999
2 0.3640953703125 0.788771875 0.347628703125 0.8006984375 0.3561666671875 0.8034078125 0.371109259375 0.790940625 0.3640953703125 0.788771875
2 0.4077870375 0.7527625 0.398953703125 0.761921875 0.4057629625 0.762903125 0.41367592656249996 0.7540703125 0.4077870375 0.7527625
2 0.5465379625 0.7615953125 0.543225 0.751453125 0.5371527781250001 0.7527625 0.54028055625 0.7612671875 0.5465379625 0.7615953125
8 0.48255370312499996 0.725178125 0.48916851875 0.7250328125000001 0.4894953703125 0.7208218750000001 0.49292499999999995 0.7200968750000001 0.48818796249999996 0.7166125 0.4797768515625 0.7199515625 0.48304351875 0.7206765625 0.48255370312499996 0.725178125
2 0.6349416671875 0.743971875 0.6717398140624999 0.76000625 0.8016138890625 0.814521875 0.9181407406250001 0.8594171875000001 0.9206657406250001 0.8504375 0.8045 0.8068250000000001 0.67859444375 0.7587234375 0.6378277781249999 0.7394828125 0.6349416671875 0.743971875
8 0.0805268515625 0.8885265625000001 0.0945018515625 0.9086390625 0.17702500000000002 0.86013125 0.1843453703125 0.8648640625 0.2236101859375 0.8270046875 0.14840833281250002 0.85185 0.1543981484375 0.8553984375000001 0.0805268515625 0.8885265625000001