2 0.29510000000000003 0.8528171875 0.28160648125 0.849340625 0.2385833328125 0.9167859375 0.2532509265625 0.918525 0.29510000000000003 0.8528171875
2 0.34183981406249997 0.76694375 0.35103055625 0.768334375 0.394053703125 0.7001921875 0.3881870375 0.6970640625 0.34183981406249997 0.76694375
2 0.39953148125000004 0.6832234374999999 0.4042703703125 0.6831234375 0.41692407343750004 0.66439375 0.41430462968750004 0.6628078125 0.39953148125000004 0.6832234374999999
2 0.49596666718750004 0.6715796875 0.5356925921875 0.7209734375 0.5922351859375 0.795496875 0.690697221875 0.9155140625 0.6902101859374999 0.9168140625 0.701177778125 0.9111812499999999 0.6580388890625 0.8609218750000001 0.5698129625 0.7565015625 0.5237509265625 0.6988749999999999 0.4988916671875 0.6681125 0.49596666718750004 0.6715796875
2 0.0818888890625 0.7331046875 0.0007314812500000001 0.7560687500000001 0.00048703749999999996 0.7617 0.1532990734375 0.7166406249999999 0.28539444375 0.6707124999999999 0.2802759265625 0.6694125 0.15061759218749998 0.711440625 0.0818888890625 0.7331046875
2 0.9381574078125 0.7997375 0.9804101859375001 0.8105140625 0.9834870375 0.8056890624999999 0.9405101859375 0.7958765624999999 0.9381574078125 0.7997375
2 0.7391981484375 0.799415625 0.7454416671875 0.7973250000000001 0.7104268515625 0.7760921875 0.705178703125 0.7773796875000001 0.7391981484375 0.799415625
2 0.678759259375 0.7635468750000001 0.68645 0.76258125 0.6628351859375 0.7463359374999999 0.6568638890625 0.7469796875 0.678759259375 0.7635468750000001
2 0.638677778125 0.7363640625000001 0.6435638890625001 0.735559375 0.6280018515625 0.7244609375 0.625015740625 0.725746875 0.638677778125 0.7363640625000001
2 0.6119870374999999 0.71883125 0.617959259375 0.717221875 0.6045685187500001 0.7088578125 0.600677778125 0.7101453125 0.6119870374999999 0.71883125
2 0.889521296875 0.879975 0.952065740625 0.91310625 0.962015740625 0.911140625 0.9305851859375001 0.891346875 0.8985240734375 0.8788515625000001 0.889521296875 0.879975
5 0.459595959375 0.8295454546875 0.4048821546875 0.8508522734374999 0.45791245781249995 0.8892045453125 0.51851851875 0.859375 0.459595959375 0.8295454546875
5 0.1666666671875 0.7727272734375 0.115319865625 0.7784090906250001 0.127946128125 0.8125 0.18265993281249998 0.8110795453125 0.1666666671875 0.7727272734375