4 0.361628703125 0.684265625 0.22828055625000002 0.6586546875 0.1694324078125 0.685840625 0.218959259375 0.695109375 0.37588055625 0.7247671875 0.5442703703125 0.73866875 0.5219416671875 0.6974 0.361628703125 0.684265625
2 0.23147129687499998 0.8109609375 0.19862777812500002 0.9027140625 0.213746296875 0.906421875 0.24241944375000002 0.813740625 0.23147129687499998 0.8109609375
2 0.32843888906249996 0.765546875 0.3195759265625 0.7646203125000001 0.2398129625 0.8091062499999999 0.2471111109375 0.8128140625 0.32843888906249996 0.765546875
2 0.3227046296875 0.762765625 0.3305240734375 0.7664734375 0.3289601859375 0.7294015625 0.3227046296875 0.7284734375 0.3227046296875 0.762765625
2 0.1334611109375 0.7154984375 0.1365888890625 0.7210593750000001 0.170475 0.6960359375 0.1652620375 0.6932546875 0.1334611109375 0.7154984375
2 0.12772592656249998 0.7154984375 0.0427490734375 0.72569375 0.046398148437499995 0.7312546875 0.13241851875 0.7210593750000001 0.12772592656249998 0.7154984375
2 0.040124073437500005 0.73218125 0.036475 0.7247671875 0 0.74515625 0.0025879625 0.7507171875 0.019288889062500002 0.7442296875000001 0.040124073437500005 0.73218125
2 0.5656259265625 0.8563734375 0.6391333328125001 0.935153125 0.6521666671874999 0.9305187500000001 0.57553148125 0.8535937499999999 0.5656259265625 0.8563734375
2 0.576052778125 0.7859359375 0.5677111109374999 0.7859359375 0.5624981484375 0.8498859375000001 0.5729240734375 0.8498859375000001 0.576052778125 0.7859359375
2 0.5734453703125 0.78315625 0.5254833328124999 0.7470109375 0.51870555625 0.7470109375 0.5677111109374999 0.7868625 0.5734453703125 0.78315625
2 0.52036944375 0.702453125 0.48874629687500004 0.6479046875 0.485615740625 0.645121875 0.5144203703125 0.7035671875 0.52036944375 0.702453125