2 0.6955518515625 0.8675421875 0.673422221875 0.8702562500000001 0.7020379625000001 0.899421875 0.7222601859375 0.894675 0.6955518515625 0.8675421875
2 0.66159444375 0.8315921875000001 0.64556944375 0.834984375 0.6657916671875 0.86008125 0.6814351859375 0.856690625 0.6814351859375 0.8553328125 0.66159444375 0.8315921875000001
2 0.6219138890625 0.809209375 0.6394648140625 0.8282015625 0.6509111109375 0.823453125 0.6375574078125 0.8064953125000001 0.6219138890625 0.809209375
2 0.6043629625 0.7881812499999999 0.6180990734375 0.8064953125000001 0.6291638890625 0.80106875 0.6177175921875 0.7854687499999999 0.6043629625 0.7881812499999999
2 0.61199444375 0.7827546875 0.6016925921875 0.7698671874999999 0.590246296875 0.7732593750000001 0.5990212968749999 0.7827546875 0.61199444375 0.7827546875
2 0.5974953703125 0.7664765625000001 0.5894833328125 0.7576578125 0.57841851875 0.7576578125 0.5856675921875001 0.7651203125 0.5974953703125 0.7664765625000001
2 0.6837240734375001 0.7664765625000001 0.6753296296875 0.759015625 0.6673175921875 0.761728125 0.672659259375 0.7678328125 0.6837240734375001 0.7664765625000001
2 0.7039453703125 0.7786859374999999 0.689828703125 0.7691890625 0.681052778125 0.77258125 0.6932629625 0.7800421875 0.7039453703125 0.7786859374999999
2 0.7298907406249999 0.7949640625 0.7123398140625 0.7827546875 0.7028009265625 0.7854687499999999 0.7211148140625 0.797678125 0.7298907406249999 0.7949640625
2 0.7615583328125 0.8132781250000001 0.7401925921875 0.7997124999999999 0.728746296875 0.8031046875 0.7508759265625 0.8187046875 0.7615583328125 0.8132781250000001
2 0.7997129625 0.834984375 0.7726231484375 0.8187046875 0.7615583328125 0.823453125 0.786740740625 0.8383765625 0.7997129625 0.834984375
2 0.8443537031250001 0.859403125 0.8130666671875 0.8424453125 0.8004759265624999 0.84855 0.8309990734375001 0.8655078125 0.8443537031250001 0.859403125
2 0.896625 0.8892484375 0.85694444375 0.8661859375000001 0.8462611109375 0.8756828125 0.8821259265625001 0.894675 0.896625 0.8892484375
2 0.941646296875 0.906884375 0.9164648140624999 0.893996875 0.9038740734375 0.9048484374999999 0.9198990734375 0.910953125 0.941646296875 0.906884375
2 0.38879166718749997 0.7203515625 0.3212583328125 0.83295 0.3323231484375 0.83430625 0.3945148140625 0.721709375 0.38879166718749997 0.7203515625
2 0.4135916671875 0.6803328125 0.40176388906250005 0.7000031250000001 0.40824999999999995 0.701359375 0.41664444375 0.6816890625 0.4135916671875 0.6803328125
2 0.5002018515625 0.6701578125000001 0.5299620375 0.7067859375000001 0.5681166671875 0.7481625000000001 0.5768925921875 0.7535890625 0.5818518515625 0.7488406249999999 0.5665907406249999 0.7379875 0.537975 0.7054296875 0.5318703703125001 0.698646875 0.5272916671875 0.6959328124999999 0.5036361109375 0.6688015625 0.5002018515625 0.6701578125000001
2 0.19496851875 0.7061078125 0.20412499999999997 0.71085625 0.3231666671875 0.6660874999999999 0.3514009265625 0.6538796875 0.346822221875 0.65184375 0.30294444375 0.6694796875 0.2296888890625 0.6945765625 0.19496851875 0.7061078125