2 0.317490740625 0.6608171875 0.2382481484375 0.690475 0.11782129687500001 0.730328125 0.12355555625 0.7349625 0.1480583328125 0.727546875 0.22677962968749998 0.6997421875 0.3127990734375 0.666378125 0.317490740625 0.6608171875
2 0.365453703125 0.759059375 0.270571296875 0.9175437499999999 0.28881759218749997 0.9156906250000001 0.37379444375 0.7581328125 0.365453703125 0.759059375
2 0.3956370375 0.7219859375000001 0.41341574062499997 0.6867671875 0.4066388890625 0.68769375 0.3889138890625 0.7219859375000001 0.3956370375 0.7219859375000001
2 0.6110009265625 0.7970578125000001 0.6308111109375 0.8146671874999999 0.6339388890625 0.8054 0.6115222218749999 0.7868625 0.5489620375 0.716425 0.5119481484375 0.6775 0.506734259375 0.6784265625 0.5526111109375 0.730328125 0.6110009265625 0.7970578125000001
2 0.6501009265625 0.8396921875000001 0.6678259265625 0.8387640624999999 0.653228703125 0.8193015625 0.632896296875 0.8220828125 0.6501009265625 0.8396921875000001
2 0.7006694437500001 0.87305625 0.6761675921875 0.8480328125 0.6584416671875 0.8545203125 0.6813805562499999 0.8786171875000001 0.7006694437500001 0.87305625
2 0.7335138890625 0.9073484374999999 0.7116175921875 0.8832515624999999 0.69285 0.8897390625 0.7152666671875 0.9138359375 0.7335138890625 0.9073484374999999
2 0.7726138890625001 0.823009375 0.76479351875 0.8146671874999999 0.7512388890625 0.816521875 0.76479351875 0.8285703124999999 0.7726138890625001 0.823009375
2 0.8127564812499999 0.8452531249999999 0.7866898140624999 0.829496875 0.7767842593750001 0.8350578125 0.8075425921875 0.8535937499999999 0.8127564812499999 0.8452531249999999
2 0.866452778125 0.8758374999999999 0.831002778125 0.8545203125 0.8205759265625 0.86008125 0.857590740625 0.882325 0.866452778125 0.8758374999999999
2 0.8992972218749999 0.908275 0.9107666671875 0.9119828125 0.9159796296874999 0.8925203125 0.8852212968750001 0.884178125 0.8737518515625 0.8906656249999999 0.8992972218749999 0.908275
2 0.3638898140625 0.7599859375 0.2710925921875 0.9147640625 0.287775 0.9156906250000001 0.37223055625 0.7609125 0.3638898140625 0.7599859375
5 0.4890572390625 0.7315340906250001 0.48316498281250003 0.7315340906250001 0.446127946875 0.7457386359375 0.48484848593749996 0.7556818187500001 0.5134680140625 0.7471590906250001 0.4890572390625 0.7315340906250001
5 0.2920875421875 0.7130681812499999 0.252525253125 0.7173295453125 0.27272727343750003 0.7386363640625 0.3097643109375 0.734375 0.2920875421875 0.7130681812499999