4 0.5288981484375 0.6857828125000001 0.343077778125 0.67204375 0.2557120375 0.6535249999999999 0.20353611093750001 0.6731421875 0.22784444375000001 0.679734375 0.3362046296875 0.69585 0.5170796296875 0.709765625 0.5541611109375 0.71123125 0.5288981484375 0.6857828125000001
2 0.3345574078125 0.8079171875 0.3090120375 0.903896875 0.32384444375 0.90606875 0.3440333328125 0.810846875 0.3345574078125 0.8079171875
2 0.38853148125 0.7632609375 0.37864259218749996 0.7595984375 0.337440740625 0.8064765625 0.3477416671875 0.8101390625 0.38853148125 0.7632609375
2 0.380290740625 0.7595984375 0.38853148125 0.76033125 0.3872953703125 0.731765625 0.380290740625 0.7310328125 0.380290740625 0.7595984375
2 0.4000675921875 0.709790625 0.38647129687500004 0.722975 0.390178703125 0.7273703125 0.40707222187500003 0.7119875 0.4000675921875 0.709790625
2 0.6390370375 0.8225921875 0.742452778125 0.89876875 0.747809259375 0.89144375 0.6485129625 0.8211265624999999 0.6390370375 0.8225921875
2 0.641921296875 0.8181968749999999 0.6163759265625 0.7720515625 0.608547221875 0.77498125 0.6340925921875 0.8196625 0.641921296875 0.8181968749999999
2 0.614727778125 0.769853125 0.5731138890625 0.7383578125 0.5652861109375 0.743484375 0.609371296875 0.7727828125 0.614727778125 0.769853125
2 0.5702305562500001 0.7368921875 0.5619898140624999 0.71565 0.55869351875 0.7193125 0.5632259265624999 0.7405546875 0.5702305562500001 0.7368921875
2 0.5005990734375 0.6577859375 0.491947221875 0.6541234375 0.49359537031249995 0.660715625 0.5277925921875 0.6922109375 0.529852778125 0.68928125 0.5005990734375 0.6577859375
2 0.2558620375 0.6922109375 0.21672037031250002 0.7010015625 0.21795648124999997 0.7053953125 0.25998240781250004 0.694409375 0.2558620375 0.6922109375
2 0.2121879625 0.7046640625 0.1788148140625 0.7215109375 0.18211111093750001 0.724440625 0.2163083328125 0.7053953125 0.2121879625 0.7046640625
2 0.1767629625 0.722975 0.10507222187500001 0.7427515625 0.10672037031249999 0.7478796875 0.1788148140625 0.7266375 0.1767629625 0.722975
2 0.1034240734375 0.750809375 0.0968324078125 0.7442171875 0.028025926562499998 0.77864375 0.034617592187500004 0.78596875 0.034205556250000005 0.7867 0.1034240734375 0.750809375