4 0.3704351859375 0.6991265624999999 0.208946296875 0.6704796875000001 0.12530648125 0.692265625 0.15379259218750002 0.698815625 0.3962120375 0.7405234375 0.5920138890625 0.7530859375000001 0.5546879625 0.7083328125 0.3704351859375 0.6991265624999999
2 0.323747221875 0.8786171875000001 0.2982018515625 0.9184703125 0.31540555625 0.9156906250000001 0.3378231484375 0.8832515624999999 0.323747221875 0.8786171875000001
2 0.3430398140625 0.8730249999999999 0.351377778125 0.797984375 0.3430361109375 0.7970578125000001 0.32843888906249996 0.8721296875 0.3430398140625 0.8730249999999999
2 0.38109351875 0.752571875 0.34668518593750003 0.7924234375 0.35606944375 0.7942781250000001 0.3878703703125 0.7581328125 0.38109351875 0.752571875
2 0.6235129625 0.8100328125 0.70796851875 0.877690625 0.7183953703125 0.8712031250000001 0.629247221875 0.8044734375000001 0.6235129625 0.8100328125
2 0.7126601859374999 0.882325 0.7387268515625001 0.9184703125 0.746547221875 0.9129093749999999 0.7230870375 0.8795437500000001 0.7126601859374999 0.882325
2 0.6261194437500001 0.80261875 0.6057870375000001 0.7636937500000001 0.5990101859375 0.765546875 0.6182990734375 0.8044734375000001 0.6261194437500001 0.80261875
2 0.48588148125 0.6561828125 0.5056916671875 0.6756453125 0.5453129624999999 0.71271875 0.5526111109375 0.7117921875000001 0.5416638890625001 0.6997421875 0.5114259265625 0.6710125 0.49005185156250003 0.65525625 0.48588148125 0.6561828125
2 0.04535555625 0.7729609375 0.00625555625 0.78315625 0.00990555625 0.791496875 0.05056944375 0.7822296875 0.04535555625 0.7729609375
2 0.1047870375 0.7460828125 0.057346296875 0.77018125 0.06308055625 0.7775953125 0.11312870312500001 0.7470109375 0.1047870375 0.7460828125
2 0.11312870312500001 0.7405234375 0.11886296249999999 0.7470109375 0.1954990734375 0.7229125 0.1892425921875 0.7192062499999999 0.11312870312500001 0.7405234375
2 0.29114722187500003 0.6858375 0.28613703749999997 0.6833640625 0.2758379625 0.6897968750000001 0.27917870312500004 0.6932609375000001 0.27917870312500004 0.6922703125 0.29114722187500003 0.6858375