8 0.47053888906249997 0.7551125 0.45465648124999997 0.766559375 0.461309259375 0.7663046875 0.46173888906249994 0.76706875 0.4525101859375 0.788690625 0.4697518515625 0.789453125 0.47139722187500005 0.7824578125 0.47268518593750003 0.7743187500000001 0.47297129687500006 0.7668140625000001 0.4814129625 0.7671953125 0.47053888906249997 0.7551125
8 0.602177778125 0.7675765625000001 0.609271296875 0.7668515625000001 0.6334416671875001 0.7884359375 0.650540740625 0.786909375 0.6209898140625 0.7665734375000001 0.62979351875 0.7660515625000001 0.6279333328125001 0.7652875 0.600246296875 0.756003125 0.602177778125 0.7675765625000001
8 0.7117333328125001 0.7557875000000001 0.726128703125 0.7638890625 0.7333620375 0.764275 0.7782120375 0.7800921875 0.79195648125 0.77855 0.79398148125 0.77855 0.7869648140625001 0.7763625000000001 0.743634259375 0.7627312500000001 0.7486981484374999 0.7622171875 0.7117333328125001 0.7557875000000001
2 0.3909648140625 0.7636734374999999 0.32588611093750003 0.8213015625000001 0.26353055625 0.8767296874999999 0.20439074062499998 0.9277578125 0.1417870375 0.9787874999999999 0.166284259375 0.9752671875000001 0.2756546296875 0.8806875 0.360528703125 0.79930625 0.41843148125 0.7451984375 0.42857685156249997 0.7350796875000001 0.42387499999999995 0.734640625 0.3909648140625 0.7636734374999999
2 0.4513416671875 0.709125 0.44020648125 0.7201234375000001 0.4431759265625 0.721003125 0.45455833281249997 0.7100046875 0.4513416671875 0.709125
2 0.6346990734375 0.91588125 0.666372221875 0.9721890625 0.6814666671875 0.9721890625 0.6069851859375001 0.8512140625000001 0.5651666671875 0.787428125 0.5438870375 0.7522359375 0.5384425921875 0.7526765625 0.5753120375 0.816021875 0.6346990734375 0.91588125
2 0.77796944375 0.8054640624999999 0.7230370374999999 0.780390625 0.65325648125 0.7500359375000001 0.648802778125 0.7517968749999999 0.748525 0.798865625 0.9459861109375 0.883328125 0.99126944375 0.8938859375 0.9917629625 0.8872875 0.966771296875 0.881128125 0.9350981484374999 0.8705703124999999 0.8487388890625001 0.8353781250000001 0.77796944375 0.8054640624999999
2 0.9519240734375 0.8041453125 0.9531611109375 0.7997453125 0.92470555625 0.7944671875 0.88833055625 0.7856687499999999 0.8875879624999999 0.78786875 0.9519240734375 0.8041453125
2 0.874721296875 0.7812703125 0.8136018515625001 0.76719375 0.7524824078125001 0.7522359375 0.7460490734375 0.7531156250000001 0.8140972218750001 0.7715921875 0.872246296875 0.78435 0.874721296875 0.7812703125
3 0.7170981484375 0.749596875 0.6502870374999999 0.747396875 0.548834259375 0.74915625 0.46717777812500005 0.7482765625 0.44020555625 0.7469578125 0.41843055625 0.7456375000000001 0.4154611109375 0.7487171874999999 0.4382259265625 0.7517968749999999 0.4562898140625 0.7526765625 0.5441333328125 0.7526765625 0.64905 0.7509171875 0.723778703125 0.7522359375 0.7946453703125 0.752121875 0.8123046296875 0.7518281250000001 0.8262212968749999 0.7500359375000001 0.8252324078125 0.747396875 0.7943018515625 0.7478374999999999 0.7930648140625001 0.7487171874999999 0.7633703703125 0.749596875 0.7170981484375 0.749596875
3 0.7776703703125001 0.7389359375 0.7275546296875001 0.7389359375 0.726675 0.7420609375 0.7792083328125 0.7412796875 0.7776703703125001 0.7389359375
3 0.42535462968750004 0.7338359375 0.42395833281249995 0.7349640625 0.45645277812499996 0.7374468750000001 0.4984675921875 0.7390265625 0.5837611109374999 0.7392515625 0.6510333328125 0.7392515625 0.6496398140624999 0.7369953125 0.590746296875 0.7358671875 0.5384509265624999 0.735640625 0.4748583328125 0.735415625 0.42535462968750004 0.7338359375
3 0.43740833281249997 0.7234546875000001 0.49084444375 0.7254859375 0.5769083328125 0.7263875 0.6501481484375 0.729096875 0.6496388890625 0.7261625 0.5697981484375 0.723228125 0.49325833281250003 0.723003125 0.4402009265625 0.7205203124999999 0.43740833281249997 0.7234546875000001
2 0.5192796296875 0.7148796875000001 0.5182648140625 0.709915625 0.515852778125 0.71126875 0.5168685187500001 0.7151046875 0.5192796296875 0.7148796875000001
2 0.5260074078125 0.7236796875 0.524484259375 0.7205203124999999 0.52181851875 0.720971875 0.5223259265625 0.7236796875 0.5260074078125 0.7236796875
2 0.5969620375 0.72413125 0.5940425921875 0.7214234375 0.5917583328125 0.7223265624999999 0.5937888890624999 0.7245828125 0.5969620375 0.72413125