8 0.47304444375 0.832840625 0.45933055625 0.8025515625 0.43162685156249997 0.8289 0.4427083328125 0.8289 0.41417314843749997 0.8998234374999999 0.4460324078125 0.9035171875 0.4494953703125 0.888003125 0.45185092656250003 0.878890625 0.4548981484375 0.8651 0.4596074078125 0.8311171875 0.47304444375 0.832840625
8 0.6699861109375 0.8279515625 0.6806324078125 0.8270250000000001 0.7505638890624999 0.8867734374999999 0.7754046296875 0.8799078124999999 0.7356379625 0.8511468750000001 0.6958712968749999 0.8249828125 0.7067259265625 0.823128125 0.6553731484374999 0.8004906249999999 0.6699861109375 0.8279515625
8 0.8436407406249999 0.8074843749999999 0.85196851875 0.8068781250000001 0.8972259265625 0.8220468750000001 0.8970425921875 0.813078125 0.863846296875 0.80469375 0.8718324078125 0.8034796875 0.8094416671875001 0.7914671875 0.8436407406249999 0.8074843749999999
2 0.3279824078125 0.8214578124999999 0.2575101859375 0.8803765625000001 0.16570555625 0.959609375 0.138659259375 0.982634375 0.1630388890625 0.9772171875 0.258652778125 0.8939203125 0.378646296875 0.785565625 0.40835925937499995 0.7598328125 0.399978703125 0.758478125 0.37483703749999997 0.7821796875 0.3279824078125 0.8214578124999999
2 0.43883333281250003 0.730034375 0.45064259218749997 0.7171671875000001 0.44759537031249996 0.7164906249999999 0.4415 0.7219078125 0.42550092656249994 0.7381609375 0.4277870375 0.737484375 0.43883333281250003 0.730034375
2 0.6597740734374999 0.9731546874999999 0.6753925921875 0.9731546874999999 0.609490740625 0.8614140625 0.5691120375 0.7950468749999999 0.5611129625 0.7943703125 0.5942537031249999 0.8546421875 0.6597740734374999 0.9731546874999999
2 0.7256750000000001 0.7869203125 0.71881851875 0.788275 0.8586203703124999 0.8519328125 0.9420444437500001 0.8864703125 0.9900416671875 0.8979828124999999 0.9927083328125 0.890534375 0.9519490734374999 0.8796984374999999 0.8822379625 0.8546421875 0.8144324078125 0.825521875 0.7256750000000001 0.7869203125
3 0.4952018515625 0.788953125 0.43234814843749997 0.7875984375 0.382446296875 0.7828578125 0.37825555624999996 0.788275 0.43196759218749997 0.7936921875 0.519972221875 0.795725 0.6125388890625 0.7950468749999999 0.7203425921875 0.78624375 0.8228129624999999 0.7828578125 0.86166851875 0.7801484375000001 0.8593666671875001 0.7760859375 0.81899444375 0.7781171875 0.7306175921875 0.7821796875 0.6315759265625001 0.788953125 0.4952018515625 0.788953125
3 0.5637638890625001 0.7618640625 0.46129351874999996 0.7611859375 0.3995824078125 0.756446875 0.396534259375 0.7591546874999999 0.4353898140625 0.7645734375 0.516528703125 0.76728125 0.622046296875 0.7659265625 0.6970898140624999 0.76525 0.770228703125 0.7638953125 0.8608907406249999 0.7591546874999999 0.8589861109375001 0.7544140625 0.84184444375 0.7571234375 0.7504203703125001 0.760509375 0.666615740625 0.758478125 0.5637638890625001 0.7618640625
2 0.785847221875 0.742225 0.7100416671875001 0.7429015625 0.7073750000000001 0.746965625 0.7900370375 0.7462875 0.785847221875 0.742225
3 0.4232 0.739515625 0.47462592656249997 0.7429015625 0.57214444375 0.7435796875 0.657853703125 0.7442562500000001 0.65480648125 0.7408703125 0.5790009265625 0.74019375 0.4879583328125 0.739515625 0.4258666671875 0.737484375 0.4232 0.739515625
2 0.636522221875 0.7611859375 0.6231888890625 0.751028125 0.617475 0.7523828124999999 0.6277601859375 0.762540625 0.636522221875 0.7611859375
2 0.6079518515625 0.7483203125 0.603 0.7435796875 0.59538148125 0.7442562500000001 0.6052851859375 0.75170625 0.6079518515625 0.7483203125
2 0.52690648125 0.7245328125 0.5252351859375 0.719778125 0.5223925921875 0.7215609374999999 0.523228703125 0.725425 0.52690648125 0.7245328125
2 0.5374379625000001 0.7408781249999999 0.534428703125 0.7358265625 0.53141944375 0.737015625 0.5330916671875 0.7408781249999999 0.5374379625000001 0.7408781249999999
2 0.6292120375 0.7411749999999999 0.620853703125 0.7358265625 0.618178703125 0.737609375 0.6236953703125 0.7411749999999999 0.6292120375 0.7411749999999999
2 0.5931037031249999 0.7260187499999999 0.5966148140625 0.725128125 0.593271296875 0.7215609374999999 0.5910981484375 0.72215625 0.5899277781250001 0.72275 0.5931037031249999 0.7260187499999999