8 0.46753148125 0.872590625 0.45169351874999997 0.82791875 0.4149916671875 0.8674468750000001 0.42915462968750007 0.8685296875 0.38940648125 0.9724921875 0.431590740625 0.9724921875 0.43463703750000005 0.9543531249999999 0.43966296250000003 0.9362140625 0.44468796250000003 0.908328125 0.4507796296875 0.870425 0.46753148125 0.872590625
8 0.7236574078125 0.8606359375 0.8335000000000001 0.9523390624999999 0.8627138890625 0.9410609375 0.7476962968749999 0.85766875 0.755709259375 0.8558875 0.68593055625 0.8256171875 0.710302778125 0.8627140624999999 0.7236574078125 0.8606359375
2 0.672872221875 0.97085625 0.58225648125 0.8149015625 0.5726166671875 0.8149015625 0.6569666671875 0.9725703125 0.672872221875 0.97085625
2 0.314746296875 0.833753125 0.26895648125 0.8705999999999999 0.131103703125 0.9811390624999999 0.16050648125 0.9777109375 0.307034259375 0.8517484375000001 0.367284259375 0.7960499999999999 0.395722221875 0.7720578125 0.3865638890625 0.77034375 0.34463055625 0.8054765625 0.314746296875 0.833753125
2 0.75433055625 0.8054765625 0.7880703703124999 0.8217578124999999 0.917728703125 0.8765984375 0.9885833328125001 0.9005906250000001 0.9958129625 0.8945921875 0.9259231484375 0.8714562499999999 0.8536231484375 0.8431796874999999 0.764934259375 0.80461875 0.75433055625 0.8054765625
3 0.808796296875 0.8011921875000001 0.8709749999999999 0.7943359375 0.8637444437499999 0.790909375 0.7957824078125 0.7969078125 0.7461370375 0.799478125 0.6680527781250001 0.8071906249999999 0.612140740625 0.808903125 0.5128481484375 0.8106171874999999 0.44440462968750005 0.8097609374999999 0.3846361109375 0.80290625 0.36101851875 0.799478125 0.3586083328125 0.8054765625 0.42801666718750003 0.8166156250000001 0.5441787031249999 0.8174734375 0.6386509265625 0.8149015625 0.69504444375 0.8123312500000001 0.756740740625 0.80461875 0.808796296875 0.8011921875000001
3 0.7977111109374999 0.773771875 0.8647083328124999 0.7686296875 0.860852778125 0.7643453124999999 0.8179546296875 0.7686296875 0.7760203703124999 0.7694875 0.6858870375 0.7694875 0.6212981484375 0.7720578125 0.56249444375 0.7720578125 0.487784259375 0.7729140625 0.41596666718749997 0.7686296875 0.38511851875 0.7643453124999999 0.38704629687500003 0.77034375 0.4386203703125 0.775484375 0.5094740734375 0.7789125 0.5697240734375 0.7797703125 0.6376870375 0.7771984375 0.7176990734375 0.774628125 0.7977111109374999 0.773771875
3 0.8157398140625001 0.750325 0.8061870375 0.7477515625 0.7569759265625 0.7492953124999999 0.6837388890625 0.7482656249999999 0.6012379625000001 0.7456921875 0.5378425921875001 0.7462078125 0.47300555624999996 0.745178125 0.41915648125000005 0.742090625 0.41742592656250005 0.7456921875 0.46663703749999996 0.7487796875 0.5251111109375 0.750325 0.6244018515625 0.749809375 0.69648148125 0.7518687500000001 0.7700083328125 0.752896875 0.8157398140625001 0.750325
2 0.432478703125 0.7364296875 0.4472416671875 0.7204765625 0.44376851874999995 0.7184171874999999 0.44029444375000004 0.7230484374999999 0.4185833328125 0.741575 0.4243731484375 0.7431203125 0.432478703125 0.7364296875
2 0.5369796296875 0.746721875 0.5407425921875 0.7456921875 0.5390064812500001 0.742090625 0.535822221875 0.742090625 0.5369796296875 0.746721875
2 0.5262694437500001 0.728709375 0.5297425921875 0.7276812500000001 0.5285851859374999 0.7235640625 0.5251111109375 0.7235640625 0.5262694437500001 0.728709375
2 0.6301916671875001 0.742090625 0.6362703703125 0.7462078125 0.6391648140624999 0.745178125 0.6330861109375 0.741575 0.6301916671875001 0.742090625
2 0.60500648125 0.7281953125 0.600375 0.72459375 0.597190740625 0.7256218750000001 0.6021120375 0.7302531250000001 0.60500648125 0.7281953125
2 0.65365555625 0.7699874999999999 0.6394453703125 0.7608937499999999 0.6337620375 0.7624093750000001 0.6448453703125 0.7720078125 0.65365555625 0.7699874999999999
2 0.6206888890625 0.7573562500000001 0.6121629625 0.7502828125 0.607047221875 0.7502828125 0.617278703125 0.759378125 0.6206888890625 0.7573562500000001