4 0.5177240734375 0.7263 0.505397221875 0.698125 0.350528703125 0.68783125 0.1857870375 0.6605765625 0.11412870312500001 0.6698984375 0.13876388906249998 0.6780890625 0.197227778125 0.6937421875 0.337752778125 0.7162828125 0.49130925937500003 0.7269265625 0.5177240734375 0.7263
2 0.24900000000000003 0.85465625 0.23949166718749998 0.8490203125000001 0.2109638890625 0.9066203125 0.2215296296875 0.9097515625 0.2405481484375 0.8715609375 0.24900000000000003 0.85465625
2 0.08170833281249999 0.7369421875 0.02113148125 0.746334375 0.0204268515625 0.7525953125 0.0859351859375 0.7438296875 0.08170833281249999 0.7369421875
2 0.147921296875 0.711896875 0.10530555625 0.7338109375 0.1060101859375 0.7388203125 0.15214722187500002 0.7181578125 0.147921296875 0.711896875
2 0.20074999999999998 0.701253125 0.151090740625 0.71315 0.153203703125 0.71690625 0.205328703125 0.704384375 0.20074999999999998 0.701253125
2 0.3159166671875 0.788909375 0.2447740734375 0.8465125 0.25569166718749997 0.8502703125 0.323665740625 0.7932921875 0.3159166671875 0.788909375
2 0.3254259265625 0.788284375 0.3349351859375 0.7532203125 0.32930000000000004 0.7488374999999999 0.3183824078125 0.7864046874999999 0.3254259265625 0.788284375
2 0.3595888890625 0.725671875 0.330709259375 0.7494640625 0.338809259375 0.7513421874999999 0.3641675921875 0.7288015624999999 0.3595888890625 0.725671875
2 0.60330648125 0.846515625 0.6117592593750001 0.8415062499999999 0.57513148125 0.8070703124999999 0.553647221875 0.7745109375 0.5476601859375 0.776390625 0.56914351875 0.8127046874999999 0.60330648125 0.846515625
2 0.7283351859375 0.8289843749999999 0.7174175921875 0.8139578125 0.6980462968750001 0.7983046875 0.6948768515625 0.8020609375 0.713190740625 0.8227234375 0.7198824078125 0.8327406249999999 0.7283351859375 0.8289843749999999
2 0.5198370375 0.763240625 0.5110324078125 0.7657453125 0.5476601859375 0.8033125 0.5557601859375 0.801434375 0.5198370375 0.763240625
2 0.5205416671875 0.762615625 0.5163148140625 0.73631875 0.509271296875 0.73631875 0.5127925921875 0.76449375 0.5205416671875 0.762615625
2 0.5022268515625 0.7000031250000001 0.48003888906250003 0.6661921875 0.4705296296875 0.6486609375 0.46665555625 0.651165625 0.479334259375 0.675584375 0.498352778125 0.70188125 0.5022268515625 0.7000031250000001
4 0.667053703125 0.7125250000000001 0.664940740625 0.73631875 0.7174175921875 0.73694375 0.7963083328125 0.7344390625 0.84315 0.728178125 0.7801074078125 0.7100203125 0.7047379625 0.7150296875000001 0.667053703125 0.7125250000000001
3 0.9995240734375 0.7676234375 0.9960018515625 0.7638671875 0.9382425921875001 0.7813984375 0.9030231484375 0.790790625 0.8554768515625 0.8001828124999999 0.7804592593749999 0.8102 0.7219953703125 0.8177140625 0.7286870375000001 0.82773125 0.76778055625 0.8239750000000001 0.8375148140625001 0.8133312500000001 0.9061925921875 0.7989296875 0.9505685187499999 0.78578125 0.993184259375 0.77138125 0.9995240734375 0.7676234375
2 0.7691898140625 0.7469625 0.7399574078125 0.73631875 0.7371398140625 0.7394484375 0.7794027781249999 0.75385 0.8420935187499999 0.777015625 0.8970351859375001 0.7951734375 0.9009092593749999 0.7914171875 0.8410370374999999 0.7720078125 0.7691898140625 0.7469625
3 0.55706944375 0.8031734374999999 0.5301638890625 0.8023421875000001 0.530397221875 0.8085812499999999 0.55800555625 0.8085812499999999 0.55706944375 0.8031734374999999