4 0.5380833328125 0.7150609375 0.5339120375 0.7097640625 0.5294425921875 0.7039375 0.5222925921875 0.6949328125 0.5199083328125 0.6959921875 0.28513055625 0.6753359375 0.221296296875 0.6584359375 0.1660425921875 0.6721734374999999 0.19190648125 0.68131875 0.2672120375 0.6950359374999999 0.4416851859375 0.7143421875 0.5377851859375 0.7182390625 0.5380833328125 0.7150609375
4 0.8610527781249999 0.72724375 0.8920379625000001 0.72300625 0.8363231484375 0.708175 0.7916314812499999 0.7124125 0.7222111109375 0.713471875 0.63253055625 0.708175 0.66321851875 0.7298921875 0.6933111109375 0.7277734375 0.745152778125 0.7298921875 0.7838851859375 0.7293624999999999 0.8226175921875001 0.7298921875 0.8610527781249999 0.72724375
2 0.6796055562500001 0.8824375 0.6587500000000001 0.8861453125000001 0.6861601859375 0.921634375 0.7091018515624999 0.9163375 0.6796055562500001 0.8824375
2 0.647427778125 0.8739625 0.6688796296875 0.8713140625 0.6477259265625 0.8443015624999999 0.628359259375 0.84483125 0.647427778125 0.8739625
2 0.6200175921875 0.8347671875 0.6390851859375 0.8347671875 0.6194212968749999 0.809871875 0.6006509265625 0.809871875 0.6200175921875 0.8347671875
2 0.5946925921874999 0.804046875 0.6113768515625 0.8035171875 0.59796944375 0.7844484375 0.5809870375 0.7849781250000001 0.5946925921874999 0.804046875
2 0.8982953703125001 0.9168671875 0.9099148140625 0.906803125 0.8732675921874999 0.8887937499999999 0.8589666671874999 0.8951499999999999 0.8982953703125001 0.9168671875
2 0.8214259265624999 0.8570140625 0.8059333328125 0.8623109375 0.8413879625 0.8850859375000001 0.8550935187500001 0.8797890625000001 0.8214259265624999 0.8570140625
2 0.8074231484375 0.8495984375000001 0.7829916671875 0.8326484375 0.763625 0.8331781250000001 0.792227778125 0.8538359375000001 0.8074231484375 0.8495984375000001
2 0.7406833328125 0.80510625 0.7222111109375 0.805634375 0.751409259375 0.8278812500000001 0.766902778125 0.8252328125 0.7406833328125 0.80510625
2 0.6927148140625 0.7865671875 0.71565648125 0.8035171875 0.7254888890625 0.79875 0.7061222218750001 0.78391875 0.6927148140625 0.7865671875
2 0.22852129687499997 0.9142187500000001 0.2550379625 0.8390046874999999 0.2437166671875 0.8347671875 0.21779537031250001 0.906803125 0.22852129687499997 0.9142187500000001
2 0.25176111093750003 0.8305296875 0.261890740625 0.8347671875 0.33697222187500003 0.7812703125 0.32654444374999997 0.7791515625 0.25176111093750003 0.8305296875
2 0.329822221875 0.7775624999999999 0.3399518515625 0.7791515625 0.3414416671875 0.7394265625 0.3319074078125 0.7394265625 0.329822221875 0.7775624999999999
2 0 0.757434375 0.0342629625 0.7452515625 0.02979444375 0.7383671875 0 0.7505484375 0 0.757434375
2 0.13020092656249999 0.7277734375 0.12662500000000002 0.7224765625 0.0378388890625 0.7373078125 0.042307407812499996 0.7452515625 0.13020092656249999 0.7277734375
2 0.13020092656249999 0.721946875 0.1331796296875 0.7267140624999999 0.1635703703125 0.708175 0.1591009265625 0.7039375 0.13020092656249999 0.721946875
2 0.1644638890625 0.7034078125 0.16923148125 0.7087046875 0.21928518593750002 0.6981109375 0.2142203703125 0.6954625 0.1644638890625 0.7034078125
2 0.33507314843749997 0.7369796875 0.342053703125 0.73969375 0.377465740625 0.7190109375 0.36903148125 0.717846875 0.33507314843749997 0.7369796875