4 0.5115898140625 0.697425 0.36602962968749997 0.6879578125 0.2041388890625 0.6620812500000001 0.16295648125 0.6690234375 0.1867425921875 0.677228125 0.2790490734375 0.6930078125 0.3859111109375 0.7062609375 0.5272111109375001 0.714465625 0.5115898140625 0.697425
2 0.6820009265625 0.8798281250000001 0.6908768515625 0.8747796875 0.5964407406250001 0.8059843750000001 0.5893398140625 0.8059843750000001 0.6820009265625 0.8798281250000001
2 0.583659259375 0.8028281249999999 0.5928898140625 0.800934375 0.5715888890625 0.7618031249999999 0.5616481484375 0.7618031249999999 0.583659259375 0.8028281249999999
2 0.7057879625 0.9107546875000001 0.7210537031250001 0.90255 0.6919416671875 0.8779359375 0.681646296875 0.884878125 0.7057879625 0.9107546875000001
2 0.6383333328125 0.8356484375000001 0.6457888890625 0.8324921875 0.58436944375 0.7750578124999999 0.58081944375 0.78010625 0.6383333328125 0.8356484375000001
2 0.5559675921875 0.7535984375 0.5605833328125 0.7504421875 0.5321814812500001 0.7245640625 0.5289861109375 0.7277203125 0.5559675921875 0.7535984375
2 0.2907648140625 0.8798281250000001 0.2783388890625 0.8722546875000001 0.24603148125000002 0.9170671875 0.2644925921875 0.9170671875 0.2907648140625 0.8798281250000001
2 0.279759259375 0.8722546875000001 0.2936046296875 0.8760421875000001 0.3138416671875 0.7990406250000001 0.30248055625000003 0.7958859375 0.279759259375 0.8722546875000001
2 0.30248055625000003 0.7946234375000001 0.3138416671875 0.7958859375 0.350409259375 0.7618031249999999 0.3415333328125 0.7542296875 0.30248055625000003 0.7946234375000001
2 0.080590740625 0.73781875 0.0742 0.7308765625 0.0131361109375 0.760540625 0.017750926562499998 0.7662203125 0.080590740625 0.73781875
2 0.0848509265625 0.73781875 0.1526601859375 0.722671875 0.14875555625 0.7176218750000001 0.079525 0.7283515625 0.0848509265625 0.73781875
2 0.34900648125 0.726415625 0.35574351875 0.7274140625000001 0.37333333281250003 0.7134406249999999 0.368375 0.71194375 0.34900648125 0.726415625
2 0.35228148125000003 0.7576875000000001 0.35499444375 0.7279125 0.347602778125 0.7254171875 0.344140740625 0.7512 0.35228148125000003 0.7576875000000001
2 0.149122221875 0.7168328125000001 0.15275925937499998 0.720846875 0.1832351859375 0.7030093749999999 0.18009999999999998 0.6987734375 0.149122221875 0.7168328125000001
2 0.1824833328125 0.6987734375 0.1849916671875 0.7032328125 0.224247221875 0.6943140624999999 0.21910555625 0.690746875 0.1824833328125 0.6987734375