8 0.4662259265625 0.7240171875 0.4648490734375 0.7566484375 0.4859583328125 0.757871875 0.47792777812500004 0.7240171875 0.4868759265625 0.7242203125 0.473109259375 0.709128125 0.45842499999999997 0.7217734375 0.4662259265625 0.7240171875
2 0.133340740625 0.696890625 0.088225 0.716496875 0.091734259375 0.7209531250000001 0.14186203749999998 0.701346875 0.133340740625 0.696890625
2 0.26166851874999997 0.9143359375 0.272696296875 0.8965125 0.26166851874999997 0.8947296874999999 0.248134259375 0.912553125 0.26166851874999997 0.9143359375
2 0.33535648125 0.7958109375 0.2681851859375 0.860865625 0.2807166671875 0.8679953125000001 0.3463851859375 0.7967015625 0.33535648125 0.7958109375
2 0.338865740625 0.79491875 0.3473870375 0.7967015625 0.3579138890625 0.748578125 0.351397221875 0.7476875 0.338865740625 0.79491875
2 0.35440555625000003 0.7450140625 0.35841574062500003 0.7476875 0.38949537031250003 0.722734375 0.38398055625 0.7209531250000001 0.35440555625000003 0.7450140625
2 0.38623148125 0.7207046874999999 0.390925 0.7168812499999999 0.39151203749999997 0.7026265625 0.3874046296875 0.7012359375 0.38623148125 0.7207046874999999
2 0.3887740734375 0.69915 0.39288055625 0.7008875 0.4124370375 0.686634375 0.4073518515625 0.6862859375 0.3887740734375 0.69915
2 0.633028703125 0.81075 0.6236416671875 0.8128359375 0.66099351875 0.891059375 0.6731185187500001 0.8889734375 0.6719453703125 0.8872359375000001 0.633028703125 0.81075
2 0.6277481484375 0.8076203124999999 0.581009259375 0.7641625000000001 0.5765120375 0.768334375 0.62188148125 0.8100546874999999 0.6277481484375 0.8076203124999999
2 0.576902778125 0.758253125 0.56908055625 0.7328734375 0.5626268515625 0.7349593750000001 0.5710361109375001 0.7617296875 0.576902778125 0.758253125
2 0.567515740625 0.7332203125000001 0.54209351875 0.7120124999999999 0.5375953703125 0.7140984375 0.5626268515625 0.7339156250000001 0.567515740625 0.7332203125000001
2 0.542875 0.7127078124999999 0.53935555625 0.697759375 0.5346620375 0.6984546875000001 0.5370083328125 0.7137515624999999 0.542875 0.7127078124999999
2 0.5374 0.6967156250000001 0.5231240734375 0.685590625 0.5197990734375 0.6873296875 0.5346620375 0.6988015625 0.5374 0.6967156250000001
2 0.5235148140625 0.6852437499999999 0.522146296875 0.6769000000000001 0.51784351875 0.677246875 0.5190166671875 0.6873296875 0.5235148140625 0.6852437499999999
3 0.664122221875 0.8997515625 0.70225648125 0.8938406249999999 0.6987370375 0.882715625 0.6592333328125 0.889321875 0.664122221875 0.8997515625
3 0.25892222187499997 0.871590625 0.2958824078125 0.8820203125000001 0.3017490734375 0.871590625 0.2671351859375 0.860465625 0.25892222187499997 0.871590625