8 0.4651166671875 0.7436125 0.463097221875 0.796009375 0.490552778125 0.79636875 0.47771944375000003 0.7442375 0.4887333328125 0.7446578125000001 0.46875 0.7253093749999999 0.45724351875 0.7432531250000001 0.4651166671875 0.7436125
2 0.08037685156249999 0.7103953125 0.0236175921875 0.7320671875 0.026284259375 0.7381609375 0.0834240734375 0.7178453124999999 0.08037685156249999 0.7103953125
2 0.15465833281250002 0.6968515625 0.0879953703125 0.71175 0.0918046296875 0.7171671875000001 0.15694351875 0.7029468750000001 0.15465833281250002 0.6968515625
2 0.2617 0.9149140625 0.3081740734375 0.8614140625 0.296746296875 0.8607374999999999 0.2483675921875 0.911528125 0.2617 0.9149140625
2 0.29865092656250003 0.8539640625 0.309697221875 0.855996875 0.334077778125 0.785565625 0.3241731484375 0.7848890625 0.29865092656250003 0.8539640625
2 0.3382675921875 0.7828578125 0.3721703703125 0.751028125 0.3683611109375 0.7476421875 0.3306490734375 0.77879375 0.3382675921875 0.7828578125
2 0.369503703125 0.742225 0.3755990734375 0.7456109375 0.37978888906249997 0.7164906249999999 0.3733129625 0.7158140625 0.369503703125 0.742225
2 0.3805509265625 0.7178453124999999 0.4015018515625 0.7015921875 0.3980740734375 0.6995609375 0.37750370312500003 0.714459375 0.3805509265625 0.7178453124999999
2 0.7039620375 0.9074640625000001 0.6875824078125 0.88173125 0.67463055625 0.8796984374999999 0.692153703125 0.9101734374999999 0.7039620375 0.9074640625000001
2 0.6784398140625 0.8688640624999999 0.6045388890625001 0.80181875 0.5965398140625 0.8031734374999999 0.6689166671875 0.87225 0.6784398140625 0.8688640624999999
2 0.595015740625 0.7997875 0.6041583328125 0.7997875 0.5858731484375 0.756446875 0.579778703125 0.758478125 0.579397221875 0.758478125 0.595015740625 0.7997875
2 0.58320648125 0.7550921875000001 0.5531129625 0.7313890625 0.54778055625 0.7334203125000001 0.5782546296875 0.758478125 0.58320648125 0.7550921875000001
2 0.5519703703125 0.7313890625 0.5485416671875 0.7131046875 0.542065740625 0.71378125 0.54625648125 0.7320671875 0.5519703703125 0.7313890625
2 0.54549444375 0.7097187500000001 0.5272101859375 0.697528125 0.5241620375 0.7009140625 0.542447221875 0.71175 0.54549444375 0.7097187500000001
4 0.7123425921875 0.6819531249999999 0.6395851859375 0.679921875 0.5683509265625 0.674503125 0.5908249999999999 0.6914343749999999 0.639965740625 0.6914343749999999 0.67425 0.6927875 0.7112 0.6927875 0.7458648140624999 0.6948203125 0.7123425921875 0.6819531249999999