8 0.47081481406250003 0.7672546875 0.4616120375 0.7823375 0.45165648125 0.8037609375000001 0.4633953703125 0.8047765625000001 0.46315185156250005 0.9129453125 0.5059870375 0.9151093749999999 0.5038546296875 0.9071624999999999 0.482172221875 0.8090640625000001 0.482172221875 0.8058 0.499265740625 0.8060046875 0.47081481406250003 0.7672546875
2 0.24278055625 0.8872 0.2316388890625 0.9153484375 0.2457129625 0.916390625 0.2574416671875 0.8903265625 0.24278055625 0.8872
2 0.26154629687500003 0.8851140624999999 0.3371953703125 0.8090093749999999 0.3266398140625 0.80588125 0.25275 0.878859375 0.26154629687500003 0.8851140624999999
2 0.32898611093749996 0.8017109375 0.3389546296875 0.8048390624999999 0.35185648125 0.7589671874999999 0.3413009265625 0.7568828125 0.32898611093749996 0.8017109375
2 0.3858731484375 0.7261375 0.3792148140625 0.72459375 0.3456351859375 0.7523828124999999 0.3511351859375 0.7539265625 0.3858731484375 0.7261375
2 0.5369796296875 0.7168734375 0.5340851859375 0.70195 0.5300324078124999 0.70349375 0.5309009265625 0.716359375 0.5369796296875 0.7168734375
2 0.5361111109375 0.7168734375 0.5314796296875001 0.7179031250000001 0.5575324078125 0.7405468749999999 0.562453703125 0.7359140625 0.5361111109375 0.7168734375
2 0.561875 0.7379734375 0.5589796296875 0.742090625 0.566796296875 0.7688515625 0.5720064812500001 0.763190625 0.561875 0.7379734375
2 0.6209203703124999 0.819284375 0.6281574078125 0.8167109375000001 0.575190740625 0.7719390625 0.5708481484375 0.773996875 0.6209203703124999 0.819284375
2 0.667815740625 0.905740625 0.67939444375 0.9036828124999999 0.6342361109375 0.8234015625 0.6252629625 0.8249453125 0.667815740625 0.905740625
2 0.70198148125 0.9314718750000001 0.684034259375 0.9150046875 0.6750601859375001 0.9170624999999999 0.691271296875 0.9319875 0.70198148125 0.9314718750000001
2 0.37979351875 0.7235640625 0.3855833328125 0.7251078125 0.3858731484375 0.7076109374999999 0.381240740625 0.7055515625 0.37979351875 0.7235640625
2 0.12433240781249999 0.6987578125 0.076203703125 0.722525 0.0802148140625 0.7264859375 0.127897221875 0.7035109375 0.12433240781249999 0.6987578125