8 0.3385416671875 0.795940625 0.28550092656250003 0.8306093750000001 0.3125 0.8363015624999999 0.3565703703125 0.7977203125 0.36825555625 0.7983140625 0.371928703125 0.775165625 0.3345351859375 0.7923796875 0.3385416671875 0.795940625
8 0.523472221875 0.781728125 0.5065277781249999 0.8059265625 0.5175 0.8069140625 0.5204166671875 0.8533328125 0.548472221875 0.8523453125 0.5361111109375 0.8071609375 0.5476388890624999 0.804196875 0.523472221875 0.781728125
2 0.4241601859375 0.832040625 0.4525981484375 0.7763421875 0.44488611093749997 0.775484375 0.3316166671875 0.97085625 0.34896851875 0.97085625 0.4241601859375 0.832040625
2 0.091577778125 0.8560328125 0.0202416671875 0.87916875 0.00144351875 0.8894515625 0.0038527781249999998 0.8971640624999999 0.0404851859375 0.8808828125 0.057839814062499995 0.8774546875 0.1749638890625 0.82946875 0.281003703125 0.7849109375000001 0.31474351875 0.7677734375 0.30703148125 0.766059375 0.23473148125 0.7977640625 0.091577778125 0.8560328125
2 0.7239648140625 0.9305828125 0.761078703125 0.9699984374999999 0.7716824078125 0.9657140625 0.7056490734375 0.8988765624999999 0.631902778125 0.8157593750000001 0.5952703703125 0.7763421875 0.591896296875 0.7814828125 0.65021851875 0.8474640625 0.7239648140625 0.9305828125
3 0.589252778125 0.7768875000000001 0.586190740625 0.77144375 0.5205018515625001 0.7734234375 0.4528648140625 0.7724328125000001 0.3713101859375 0.767484375 0.3239916671875 0.7620421875 0.2925388890625 0.7620421875 0.23965370312499998 0.7600625 0.218221296875 0.7580828125 0.2162731484375 0.7625375 0.2889203703125 0.766990625 0.3170333328125 0.766990625 0.36629999999999996 0.772928125 0.447297221875 0.7763921875 0.5046361109374999 0.778371875 0.589252778125 0.7768875000000001
3 0.2797351859375 0.7457125 0.24772592656249998 0.7437328125 0.2441074078125 0.747196875 0.3003324078125 0.7491765625 0.350990740625 0.7491765625 0.3598981484375 0.7476921875 0.3568361109375 0.7457125 0.31424907343749997 0.7467015625 0.2797351859375 0.7457125
3 0.4690083328125 0.7516499999999999 0.4283703703125 0.749671875 0.42781388906249995 0.7541249999999999 0.501296296875 0.7565984375 0.5594703703125 0.7561046874999999 0.5758925921875 0.75461875 0.5731083328125 0.7516499999999999 0.5191101859375 0.752640625 0.4690083328125 0.7516499999999999
3 0.2930953703125 0.732846875 0.33345555625 0.73433125 0.3590629625 0.73433125 0.35544444375 0.7308671875 0.335125 0.7318578125 0.299497221875 0.729878125 0.2930953703125 0.732846875
3 0.479028703125 0.73433125 0.4422870375 0.7323515625 0.44061759218749996 0.7363109375 0.492946296875 0.7377953125000001 0.5274601859375 0.7373000000000001 0.5605833328125 0.7358156250000001 0.55418148125 0.732846875 0.513821296875 0.7338359375 0.479028703125 0.73433125
2 0.5900879625 0.7704546875 0.5745 0.7536296874999999 0.5733870375000001 0.75709375 0.5873046296875 0.7719390625 0.5900879625 0.7704546875