2 0.35943981406250003 0.8545546875 0.38016944375 0.8152687500000001 0.3682398140625 0.8135312499999999 0.34770648125000003 0.8510781250000001 0.35943981406250003 0.8545546875
2 0.42534351875 0.72974375 0.43257962968749997 0.7318296875 0.4390324078125 0.718271875 0.43257962968749997 0.71861875 0.42534351875 0.72974375
2 0.2702638890625 0.70923125 0.275153703125 0.71479375 0.29334074062500004 0.7043640625 0.2898203703125 0.7012359375 0.2702638890625 0.70923125
2 0.094846296875 0.7798078125 0.10325555625 0.7881515625 0.14119444375 0.7690296875 0.13435 0.7620765625 0.094846296875 0.7798078125
2 0.47473888906250006 0.6729171875 0.48005185156249996 0.674334375 0.487384259375 0.66555 0.483984259375 0.6638484375 0.47473888906250006 0.6729171875
2 0.7456546296875 0.92485625 0.7596861109375 0.9234843749999999 0.6862916671875 0.8426218750000001 0.674265740625 0.8431703125000001 0.7456546296875 0.92485625
2 0.5698796296875 0.7094031249999999 0.58375648125 0.7291390625 0.5994842593749999 0.7486015625 0.6161361109375 0.7719015625 0.634022221875 0.7960234374999999 0.6477453703125 0.8132921874999999 0.656225 0.810003125 0.6272379625 0.7782046874999999 0.6064222218750001 0.748053125 0.5889990734375 0.7263984375 0.5772805562500001 0.7091296875 0.5661796296875 0.6910375 0.5589324078125 0.678428125 0.5555407406249999 0.6644484375 0.552302778125 0.6652703125 0.5526111109375 0.672671875 0.5549240734375 0.678703125 0.558778703125 0.686378125 0.56325 0.69515 0.5698796296875 0.7094031249999999
2 0.9837138890625001 0.7884921874999999 0.9886388890625 0.785209375 0.9513296296875 0.77273125 0.943572221875 0.7760140625 0.9837138890625001 0.7884921874999999
2 0.8049240734374999 0.7348609374999999 0.8084944437500001 0.7304828125 0.78633055625 0.7208515625 0.7822675921875 0.724353125 0.8049240734374999 0.7348609374999999
2 0.713927778125 0.6989609375 0.71786851875 0.6954578125 0.708140740625 0.6915171875 0.704815740625 0.693925 0.713927778125 0.6989609375
5 0.5159932656249999 0.7613636359375 0.46969696875 0.7727272734375 0.5143097640625001 0.7926136359375 0.565656565625 0.78125 0.5159932656249999 0.7613636359375
5 0.14478114375 0.7088068187500001 0.095959596875 0.7002840906250001 0.11026936093749999 0.7272727265625 0.154040403125 0.7301136359375 0.14478114375 0.7088068187500001