8 0.173890740625 0.8766421875000001 0.0613240734375 0.9289125 0.10080648125 0.960275 0.1990925921875 0.888590625 0.215053703125 0.8945640625 0.2377351859375 0.8512546875 0.16717037031249998 0.8676828125 0.173890740625 0.8766421875000001
8 0.5663546296875 0.795421875 0.5396981484375 0.7720906249999999 0.5224740734375 0.7968796874999999 0.5364175921875 0.7983374999999999 0.538877778125 0.8406234375 0.56840555625 0.8347921875000001 0.55323148125 0.7983374999999999 0.5663546296875 0.795421875
8 0.7457499999999999 0.7881890625 0.7004046296875 0.7729874999999999 0.716728703125 0.7946375 0.723984259375 0.7914140625 0.777622221875 0.8255015625000001 0.7983518515625 0.8181312500000001 0.7416046296875 0.79003125 0.7457499999999999 0.7881890625
2 0.8778296296875 0.8101265625 0.88451944375 0.8083125000000001 0.8485759265624999 0.795209375 0.840072221875 0.796015625 0.8778296296875 0.8101265625
2 0.7465296296874999 0.7649734375 0.7509518515625 0.7629578125 0.7434675921875 0.7589265625 0.739159259375 0.759934375 0.7465296296874999 0.7649734375
2 0.6961861109374999 0.746428125 0.7001546296875001 0.744815625 0.68756944375 0.7389703125 0.6836009265625 0.7407843749999999 0.6961861109374999 0.746428125
2 0.6704481484375 0.8300812499999999 0.67940555625 0.829678125 0.659222221875 0.8087156249999999 0.6509453703125 0.8095218750000001 0.6704481484375 0.8300812499999999
2 0.6120546296875 0.7710203124999999 0.618403703125 0.7710203124999999 0.611147221875 0.76195 0.604003703125 0.76275625 0.6120546296875 0.7710203124999999
2 0.586202778125 0.7444124999999999 0.590284259375 0.74360625 0.5851824078125001 0.73715625 0.58041944375 0.737559375 0.586202778125 0.7444124999999999
2 0.2865824078125 0.9714234375 0.3191361109375 0.9734906249999999 0.3952870375 0.8587796875 0.48015740781250005 0.7358015625000001 0.470275 0.7337343749999999 0.363896296875 0.8732468750000001 0.2865824078125 0.9714234375
0 0.4200336703125 0.7741477265625 0.32239057187500003 0.765625 0.209595959375 0.80255681875 0.2121212125 0.8167613640625 0.371212121875 0.8423295453125 0.4200336703125 0.7741477265625