8 0.553002778125 0.77995625 0.53339444375 0.7619828125 0.515625 0.7826796875 0.5287990734375 0.781590625 0.5294120375 0.8071890625 0.553309259375 0.8077343750000001 0.5435046296875 0.781590625 0.553002778125 0.77995625
8 0.7068148140625 0.7744796875 0.6718120375 0.7632328125 0.6819333328125 0.7801015625 0.6888916671875001 0.7782281249999999 0.7243166671875 0.80259375 0.7456138890624999 0.7980953125 0.7049175921875 0.776728125 0.7068148140625 0.7744796875
8 0.25409074062500003 0.8359578125 0.185771296875 0.8723203125 0.21508055625 0.8831906249999999 0.27243611093750003 0.8412062499999999 0.28487685156250003 0.8434546875000001 0.2928898140625 0.8179640625 0.24881944374999998 0.8337078124999999 0.25409074062500003 0.8359578125
0 0.42946666718750004 0.7654578125 0.327727778125 0.7560421875000001 0.25225092656250003 0.7933140625 0.39879074062500003 0.8117546875 0.42946666718750004 0.7654578125
2 0.4713546296875 0.733025 0.285590740625 0.972221875 0.31336851875 0.9783953125 0.48003518593749994 0.7361109375 0.4713546296875 0.733025
2 0.7248268515625 0.8811734375 0.7144101859374999 0.885803125 0.7552083328125 0.9290125 0.76649351875 0.9274687500000001 0.7248268515625 0.8811734375
2 0.6424138890625 0.8031203124999999 0.6288675921875 0.7892734375 0.6241268515625 0.7892734375 0.6359796296875 0.8031203124999999 0.6424138890625 0.8031203124999999
2 0.6000824078125 0.7609781250000001 0.5943259265624999 0.753753125 0.5906009265625001 0.7549578125 0.5963574078125 0.7615796875 0.6000824078125 0.7609781250000001
2 0.6786490734374999 0.7405078125 0.6718759265625 0.7374984375 0.6678120375 0.7387015625 0.6756009265625 0.7417125 0.6786490734374999 0.7405078125
2 0.7192861109375001 0.7549578125 0.713190740625 0.7525484375 0.71048148125 0.7543546875 0.7172546296875 0.757365625 0.7192861109375001 0.7549578125
2 0.82088055625 0.79168125 0.790402778125 0.7802421875000001 0.7900638890625 0.7844578125 0.8185101859374999 0.7946921875 0.82088055625 0.79168125
2 1 0.8488749999999999 0.9996861109375 0.8446609374999999 0.9515981484375 0.8320187499999999 0.9465185187499999 0.8374359374999999 0.9488888890625 0.8368343749999999 1 0.8488749999999999