0 0.4018370375 0.7966828125000001 0.2586083328125 0.7767484375 0.11574074062499999 0.8378343750000001 0.3229888890625 0.90535 0.4018370375 0.7966828125000001
8 0.5299268515625 0.8318640625 0.5489416671875 0.8333328124999999 0.557209259375 0.9046156249999999 0.5960648140625 0.8987359375 0.5712629625 0.8325984375000001 0.584077778125 0.8281890625000001 0.5505953703124999 0.7943859375 0.5299268515625 0.8318640625
8 0.8019574078125 0.8115796874999999 0.7448546296874999 0.7920578125 0.7712101859375 0.819946875 0.779053703125 0.8171578125 0.8621990734375 0.8662421874999999 0.8866712968750001 0.8573187499999999 0.7988203703125001 0.8149265625 0.8019574078125 0.8115796874999999
2 0.46527777812500004 0.7438265625 0.294271296875 0.9799374999999999 0.33159722187499996 0.972221875 0.4748268515625 0.7438265625 0.46527777812500004 0.7438265625
2 0.74526851875 0.883890625 0.7089824078125 0.8500359375000001 0.7010046296875 0.85049375 0.7362611109375 0.8857203124999999 0.74526851875 0.883890625
2 0.643102778125 0.787815625 0.6317796296875 0.7768359375 0.626375 0.7782078125 0.6371833328125 0.78873125 0.643102778125 0.787815625
2 0.6027 0.7503 0.5975527781250001 0.7425234374999999 0.5936925921875 0.7448109374999999 0.5985824078124999 0.7507578125000001 0.6027 0.7503
2 0.7259675921875 0.751215625 0.7115564812499999 0.7461828125000001 0.7097546296874999 0.7484703125000001 0.7241657406249999 0.7530453125000001 0.7259675921875 0.751215625
2 0.7921046296875 0.7754624999999999 0.7846416671875 0.7713453125 0.78078148125 0.773175 0.7892740734375 0.776378125 0.7921046296875 0.7754624999999999
2 0.9750759265625 0.8340234375 0.9238648140624999 0.8175531250000001 0.9200046296875 0.8202984375 0.9730175921875001 0.8367687500000001 0.9750759265625 0.8340234375
2 0.580825 0.7292562499999999 0.5777370375 0.7246812499999999 0.575421296875 0.7269687499999999 0.578509259375 0.7310859375 0.580825 0.7292562499999999