4 0.9405314812500001 0.7185875 0.8521768515625 0.707790625 0.7899990734375 0.7197875 0.6935990734375 0.723215625 0.6029824078125 0.72064375 0.499352778125 0.7180734375 0.48513611093750003 0.709090625 0.40701111093750003 0.7067171875 0.2207129625 0.6841625 0.15183055625 0.7172171875 0.2038861109375 0.73606875 0.38704629687500003 0.7600609375 0.5408046296875 0.7643453124999999 0.6293666671875 0.7648843750000001 0.819003703125 0.7518265625 0.9405314812500001 0.7185875
2 0.3031925921875 0.9151578125000001 0.3711546296875 0.8508921875000001 0.3605509265625 0.84575 0.289697221875 0.9117312500000001 0.3031925921875 0.9151578125000001
2 0.3562129625 0.782340625 0.3451268515625 0.7763421875 0.36247870312499997 0.842321875 0.3726009265625 0.840609375 0.3562129625 0.782340625
2 0.6675851859375 0.832040625 0.5895009265625 0.78748125 0.5764870375 0.791765625 0.658909259375 0.8388953125 0.6675851859375 0.832040625
2 0.6598731484375 0.840609375 0.699397221875 0.9143015625 0.7104833328125 0.908303125 0.6719231484375 0.8363250000000001 0.6598731484375 0.840609375
2 0.12340648125 0.7437796875 0.1287083328125 0.72835625 0.1205148140625 0.7317843749999999 0.093522221875 0.7592046875 0.1002703703125 0.761775 0.12340648125 0.7437796875
2 0.901340740625 0.833753125 0.9861731484374999 0.86203125 0.991475 0.8586031249999999 0.967375 0.8483203125 0.8357888890625 0.80290625 0.8304870375 0.8054765625 0.901340740625 0.833753125
2 0.824702778125 0.7977640625 0.7369787031249999 0.758346875 0.7297490734375 0.7634890624999999 0.8222925921875 0.8037625 0.824702778125 0.7977640625
2 0.48878425937500003 0.699221875 0.49119444375 0.68636875 0.48541018593749996 0.682940625 0.484446296875 0.700078125 0.48878425937500003 0.699221875
2 0.5220268515625001 0.70806875 0.5010861109375 0.6997953125 0.4991824078125 0.70355625 0.5177962968750001 0.7091968750000001 0.5220268515625001 0.70806875
2 0.6425916671875 0.7163406250000001 0.645552778125 0.7152125 0.6057879625 0.702428125 0.601134259375 0.704684375 0.6000768515625 0.7065640625 0.6425916671875 0.7163406250000001
2 0.6028259265625 0.702803125 0.593096296875 0.691146875 0.5897120375 0.6952828125 0.59775 0.70393125 0.6028259265625 0.702803125
2 0.5928851859375001 0.6915234375 0.558196296875 0.6824984374999999 0.55608055625 0.6870109375 0.591615740625 0.6949078125 0.5928851859375001 0.6915234375
2 0.2959379625 0.6485046875 0.2196629625 0.6854875 0.223377778125 0.6876875 0.3013861109375 0.65070625 0.2959379625 0.6485046875