1 0.4170796296875 0.6628453125 0.3042324078125 0.6488828125 0.161325 0.7079765625000001 0.21581203750000003 0.7207984374999999 0.3005129625 0.7333921875 0.452215740625 0.7524984375 0.5295138890625 0.751028125 0.48073703749999996 0.674603125 0.4170796296875 0.6628453125
2 0.3166740734375 0.7686296875 0.3258324078125 0.7686296875 0.33932870312499996 0.7429234375 0.326796296875 0.7429234375 0.3166740734375 0.7686296875
2 0.1421898140625 0.712075 0 0.761775 0.0038555562500000003 0.7729140625 0.1523120375 0.7172171875 0.1421898140625 0.712075
2 0.6863685187499999 0.9348671875000001 0.6049101859375 0.8654578125000001 0.5904509265625 0.8723140624999999 0.666125 0.9331531249999999 0.6863685187499999 0.9348671875000001
2 0.5904509265625 0.7900515625 0.579846296875 0.7900515625 0.5865944437499999 0.8628875 0.6029824078125 0.8637453125000001 0.5904509265625 0.7900515625
2 0.5812925921875001 0.7814828125 0.5562287031250001 0.7677734375 0.55044444375 0.77034375 0.5793648140625 0.786625 0.5812925921875001 0.7814828125
2 0.5543009265625 0.7600609375 0.5427324078125 0.7523484375 0.5345388890625 0.7532062500000001 0.5499620375000001 0.76263125 0.5543009265625 0.7600609375
3 0.5321287031249999 0.7472078125 0.5439268515625 0.7449328125 0.543696296875 0.7386390625 0.5273083328125 0.7394953125 0.5321287031249999 0.7472078125
2 0.855265740625 0.8198171875 0.8523351859374999 0.8269796875000001 0.8772425921875 0.8321890625 0.9131379624999999 0.843259375 0.9761379625 0.8497718750000001 0.9776027781250001 0.8452125 0.9464694437500001 0.840003125 0.9080101859375 0.832840625 0.8842018515625 0.8250265625000001 0.855265740625 0.8198171875
2 0.788602778125 0.7827015625 0.8193703703124999 0.800934375 0.8453759265624999 0.8211203125000001 0.8534342593750001 0.8165625000000001 0.817172221875 0.79246875 0.7915324078125 0.7748875 0.788602778125 0.7827015625
2 0.7028925921875 0.7514453125 0.74355 0.7670734375 0.7849398140625 0.77814375 0.785672221875 0.7722828125000001 0.7475787031250001 0.7605609375 0.7153462968750001 0.7494921875 0.7028925921875 0.7514453125
3 0.6961361109374999 0.744228125 0.6969712968749999 0.750165625 0.7267546296875 0.7481859375 0.72480555625 0.744228125 0.6961361109374999 0.744228125
2 0.70921851875 0.741753125 0.61458148125 0.695734375 0.60985 0.698703125 0.7036518515625 0.7476921875 0.70921851875 0.741753125