1 0.47794074062499997 0.6734203125 0.41605370312499995 0.6734203125 0.2867648140625 0.6581703125 0.09384351875 0.731671875 0.15441203750000002 0.7583875 0.2794120375 0.7878000000000001 0.4037990734375 0.800871875 0.5569851859375 0.795425 0.48468148125 0.683225 0.47794074062499997 0.6734203125
2 0.294752778125 0.79491875 0.2676833328125 0.8332390625 0.280215740625 0.8368046874999999 0.3062824078125 0.7967015625 0.294752778125 0.79491875
2 0.644646296875 0.859975 0.571459259375 0.7967015625 0.5654444437499999 0.802940625 0.635122221875 0.8644296875 0.644646296875 0.859975
2 0.652165740625 0.865321875 0.6366259265624999 0.865321875 0.6561759265625 0.932159375 0.6697111109375 0.933940625 0.652165740625 0.865321875
2 0.992034259375 0.8733421874999999 0.88826851875 0.8163078125000001 0.879747221875 0.8207625000000001 0.9915324078125 0.8795796875 0.992034259375 0.8733421874999999
2 0.8762379625 0.81898125 0.8787444437499999 0.8109609375 0.8190925921875 0.79491875 0.8025499999999999 0.7931375 0.7985398140625 0.7993750000000001 0.8762379625 0.81898125
2 0.803552778125 0.78868125 0.7739768515625001 0.7797703125 0.77046851875 0.7851171875 0.799040740625 0.7958109375 0.803552778125 0.78868125
3 0.7975370374999999 0.7779874999999999 0.78550648125 0.7717484375 0.759940740625 0.7806609375 0.76595648125 0.783334375 0.7975370374999999 0.7779874999999999
2 0.6125648140625 0.6977828125000001 0.6712148140624999 0.731646875 0.7449027781249999 0.7646203125000001 0.7489129625000001 0.7601640625 0.6867546296875 0.7325375000000001 0.6160740734375 0.696 0.6125648140625 0.6977828125000001
2 0.079703703125 0.7459046875 0.0726861109375 0.7378843749999999 0.0040101859375 0.7655109375 0.0105268515625 0.774421875 0.0105268515625 0.772640625 0.079703703125 0.7459046875
2 0.7729740734375 0.772640625 0.7549287031249999 0.7646203125000001 0.7494138890625 0.7690750000000001 0.7664574078124999 0.777096875 0.7729740734375 0.772640625
3 0.5438888890625 0.7904640625 0.5819870375 0.789571875 0.5834907406250001 0.7815515625 0.544390740625 0.78244375 0.5438888890625 0.7904640625