4 0.776409259375 0.7518296875 0.8528564812500001 0.7479750000000001 0.9206296296875 0.7431546875 0.951534259375 0.7315875000000001 0.8691222218749999 0.70941875 0.8349648140625 0.71809375 0.7346601859375 0.713275 0.635440740625 0.7084546875 0.438627778125 0.7017078125 0.3751916671875 0.698815625 0.3356120375 0.690140625 0.2851888890625 0.7258046874999999 0.328022221875 0.7354437500000001 0.3600111109375 0.7383359375 0.400675 0.7431546875 0.474953703125 0.7499015625000001 0.5855601859374999 0.7537578125 0.6961657406249999 0.7499015625000001 0.776409259375 0.7518296875
2 0.4136870375 0.920509375 0.45380833281250005 0.8433984375 0.4359166671875 0.8385796875 0.3990481484375 0.9185812500000001 0.4136870375 0.920509375
2 0.4359166671875 0.833759375 0.45055555625 0.833759375 0.4267 0.7653234375 0.4185666671875 0.7653234375 0.4359166671875 0.833759375
2 0.9204953703125 0.769359375 0.9318546296875001 0.768490625 0.8991194437500001 0.7563296875 0.8917907406250001 0.7585015625 0.9204953703125 0.769359375
2 0.673434259375 0.7661328125 0.66203055625 0.7672 0.8204851859375 0.91551875 0.8468944437499999 0.9165859375000001 0.673434259375 0.7661328125
2 0.9979675921875 0.8984343750000001 1 0.88465 0.7772101859375 0.7662640625 0.770825 0.77031875 0.9979675921875 0.8984343750000001
2 0.45918981406250003 0.688090625 0.4626990734375 0.6902671875 0.46539166718749997 0.6808375 0.4604953703125 0.6799671875 0.4610666671875 0.6804015625 0.45918981406250003 0.688090625
2 0.47020648125 0.65965625 0.47159351875000005 0.653853125 0.46865555625 0.653853125 0.46702407343749996 0.6577703125000001 0.47020648125 0.65965625
2 0.47379722187500006 0.6464546875 0.475102778125 0.6329625 0.4720833328125 0.6331078125 0.47085925937499995 0.6464546875 0.47379722187500006 0.6464546875
2 0.47445000000000004 0.629625 0.4730620375 0.6194703125000001 0.470777778125 0.61990625 0.47126759218750003 0.6306406250000001 0.47445000000000004 0.629625
1 0.5892416671875 0.6641890625 0.5933611109375 0.6639015625 0.5606518515625 0.6494015625 0.5576638890625001 0.655 0.55475648125 0.6670609375 0.5654981484375 0.66634375 0.575027778125 0.663471875 0.5810851859375 0.6643328125 0.5892416671875 0.6641890625
2 0.5928759265625 0.6964937499999999 0.562509259375 0.6672046875000001 0.5550796296875 0.668353125 0.5839120375 0.69706875 0.5928759265625 0.6964937499999999
2 0.5594175921875 0.6510625 0.562147221875 0.648190625 0.5205898140625 0.6175890625 0.517803703125 0.619075 0.5594175921875 0.6510625