4 0.3308583328125 0.6827124999999999 0.6027916671875 0.6754875 0.866259259375 0.670671875 0.7819361109375 0.620703125 0.37759166718750004 0.622509375 0.3308583328125 0.6827124999999999
2 0.6731731484375 0.999796875 0.7013388890625001 1 0.676928703125 0.8153609375 0.6614370375 0.8161953125 0.6731731484375 0.999796875
2 0.6609675921875 0.8153609375 0.6708259265625001 0.8136906249999999 0.5886740734375 0.7135453125 0.5774074078125 0.7152140625000001 0.6609675921875 0.8153609375
2 0.0896629625 0.998128125 0.284009259375 0.8195328125 0.2732120375 0.814525 0.07698796249999999 0.9922859374999999 0.0896629625 0.998128125
2 0.2741509265625 0.8061796875 0.28823425937499997 0.8120218749999999 0.3173398140625 0.7193859375 0.30372592656249997 0.7177171875 0.2741509265625 0.8061796875
2 0.9449768515624999 0.7727984375 0.9510796296875 0.76695625 0.8355981484375 0.7018609375 0.8248009265625 0.707703125 0.9449768515624999 0.7727984375
2 0.5617666671875 0.6113546875 0.5676490734375 0.6110796875 0.5424175921875001 0.592640625 0.53684444375 0.5936046875 0.5617666671875 0.6113546875
2 0.5366120375000001 0.5927781249999999 0.5421851859375 0.591815625 0.550234259375 0.57970625 0.545590740625 0.5792937499999999 0.5366120375000001 0.5927781249999999
2 0.6044138890624999 0.5509484375 0.606659259375 0.549021875 0.5859935187499999 0.536775 0.5804981484375 0.5378765624999999 0.6044138890624999 0.5509484375
2 0.5456675921875 0.57901875 0.549847221875 0.57860625 0.53235555625 0.5688359375 0.527478703125 0.5688359375 0.5456675921875 0.57901875
2 0.5280203703125 0.5684234375 0.5327425921875 0.5682859375 0.538547221875 0.5601671875 0.5348324078125 0.5601671875 0.5280203703125 0.5684234375