4 0.39976944375 0.593003125 0.5146231484375 0.58961875 0.7318518515625 0.5881140625 0.6796074078125 0.56705625 0.41880555625 0.5689359375 0.39976944375 0.593003125
2 0.732322221875 1 0.6347824078125 0.8517953125 0.6142888890625 0.8545624999999999 0.7032675921875 1 0.732322221875 1
2 0.6135111109375 0.8481062500000001 0.63166944375 0.8481062500000001 0.6293351859375 0.7198984375 0.6171425921875 0.7208218750000001 0.6135111109375 0.8481062500000001
2 0.617921296875 0.722665625 0.62855648125 0.7198984375 0.5694111109375 0.66086875 0.5600722218749999 0.661790625 0.617921296875 0.722665625
2 0.559034259375 0.6599453125 0.5694111109375 0.6590234374999999 0.57926851875 0.62120625 0.5699296296874999 0.6207453125 0.559034259375 0.6599453125
2 0.5688916671875 0.62120625 0.5769333328124999 0.620284375 0.5465824078125 0.597225 0.54139444375 0.597225 0.5688916671875 0.62120625
2 0.1403425921875 1 0.2044175921875 0.8494906249999999 0.192225 0.842571875 0.1224425921875 0.9984500000000001 0.1403425921875 1
2 0.20623333281249998 0.8448781249999999 0.3310101859375 0.7337343749999999 0.322709259375 0.7286609375 0.19455925937500002 0.8379609374999999 0.20623333281249998 0.8448781249999999
2 0.321671296875 0.72589375 0.3338638890625 0.7309671875 0.34501851875 0.6677859374999999 0.3356796296875 0.6677859374999999 0.321671296875 0.72589375
2 0.33983055625 0.6654796875 0.34605648125 0.6664015625 0.39897685156249996 0.62996875 0.3917129625 0.6267406249999999 0.33983055625 0.6654796875
2 0.3927509265625 0.6272015625 0.3997546296875 0.6272015625 0.3979388890625 0.6036828125 0.391972221875 0.6036828125 0.3927509265625 0.6272015625
2 0.7395851859375 0.6235125 0.7471083328125 0.6230515624999999 0.6931509265625 0.5967640624999999 0.6851083328125 0.5990703125 0.7395851859375 0.6235125