4 0.7570259265625 0.7479515625000001 0.6019148140625 0.749171875 0.3180009265625 0.7365625 0.2852861109375 0.7479515625000001 0.40539444375 0.7593390624999999 0.5245879625 0.7638125 0.6033416671875 0.76549375 0.697772221875 0.7650328125 0.8141703703125 0.7599578124999999 0.7570259265625 0.7479515625000001
2 0.7590851859375001 0.7865890624999999 0.7819629625 0.7947234375 0.7869953703125 0.793096875 0.7641175921875 0.7837421875 0.7590851859375001 0.7865890624999999
2 0.71493055625 0.7703203125 0.7179046296875 0.76950625 0.7092111109375 0.7646265624999999 0.7044074078125 0.7650328125 0.71493055625 0.7703203125
2 0.8002648140625 0.968390625 0.819253703125 0.97001875 0.7702953703125 0.9260921874999999 0.70669444375 0.8683390624999999 0.6277666671875 0.7955375 0.59345 0.7613734375 0.5886453703125001 0.7621859375 0.6092351859375 0.7837421875 0.6410351859375 0.8146531250000001 0.692052778125 0.864271875 0.7558824078125 0.9236531250000001 0.8002648140625 0.968390625
2 0.6353157406250001 0.970425 0.6499583328125 0.97083125 0.568284259375 0.8854218749999999 0.5570740734374999 0.8854218749999999 0.6353157406250001 0.970425
2 0.5538712968749999 0.8793203125 0.5639370375 0.8793203125 0.5842990734375 0.8333609375 0.5760629625 0.8333609375 0.5538712968749999 0.8793203125
2 0.5760629625 0.8321406250000001 0.5829259265625 0.8317343749999999 0.54311851875 0.804484375 0.53625555625 0.8052984375 0.5760629625 0.8321406250000001
2 0.5344249999999999 0.8032640625 0.5412879625 0.8032640625 0.559590740625 0.7837421875 0.5531851859375 0.782928125 0.5344249999999999 0.8032640625
2 0.5529564812500001 0.7817078125 0.5584462968749999 0.7817078125 0.5321370375 0.7682875 0.526646296875 0.76950625 0.5529564812500001 0.7817078125
2 0.28620092656249996 0.9578171875000001 0.31228148125 0.870371875 0.30358796250000003 0.8683390624999999 0.273847221875 0.9561890625 0.28620092656249996 0.9578171875000001
2 0.3180009265625 0.8667125 0.3898370375 0.8297015625 0.3841175921875 0.8272609375 0.307477778125 0.8634578125000001 0.3180009265625 0.8667125
2 0.3825166671875 0.8256343749999999 0.3900666671875 0.826446875 0.38869351875 0.798790625 0.38343148125000004 0.798790625 0.3825166671875 0.8256343749999999
2 0.38893148125 0.7977953125 0.429234259375 0.7816453125 0.42370092656249997 0.7807171875 0.382353703125 0.7964953125 0.38893148125 0.7977953125
2 0.42401388906250004 0.7797890625 0.42933888906249995 0.7790468749999999 0.42140370312500003 0.765496875 0.41764537031250004 0.7658671874999999 0.42401388906250004 0.7797890625
2 0.43800555625 0.7454500000000001 0.44562685156250004 0.7378390625 0.44322592656250004 0.7365406250000001 0.43424629687499994 0.7437796875 0.43800555625 0.7454500000000001
2 0.4490731484375 0.7313421875 0.45251851875 0.7319 0.458365740625 0.72503125 0.45502407343750007 0.724475 0.4490731484375 0.7313421875
2 0.515477778125 0.7066546875 0.5130768515625 0.7066546875 0.5171490734375 0.715565625 0.5237268515625 0.7255890625 0.5352120375 0.7491625 0.539284259375 0.7478625 0.515477778125 0.7066546875
2 0.5407453703125 0.7205765625 0.5437740734375 0.7185343750000001 0.5285296296875 0.7059124999999999 0.5258148140625 0.7057265625 0.5407453703125 0.7205765625