4 0.8828898140625 0.874690625 0.994772221875 0.831825 0.8446185187499999 0.7978390625 0.6475694437499999 0.8163578125000001 0.55399351875 0.8095343749999999 0.40449444375 0.8095343749999999 0.1510416671875 0.7731484375 0.0173611109375 0.7978390625 0.21354166718749998 0.8734562499999999 0.3220490734375 0.8981484375000001 0.5078129625 0.9089499999999999 0.6397574078125 0.9043203125 0.7025268515625 0.9004109375 0.8828898140625 0.874690625
2 0.839578703125 0.9722406250000001 0.8609675921875001 0.9722406250000001 0.7564990734375 0.8893859375 0.7456916671875 0.8905875 0.839578703125 0.9722406250000001
2 0.999884259375 0.8509609375 1 0.8465578125000001 0.9679129625 0.8369515625 0.9622842593750001 0.8405546875000001 0.999884259375 0.8509609375
2 0.39986388906250003 0.7765125 0.393784259375 0.7749109375 0.3627138890625 0.80533125 0.36924351875 0.8081328125 0.39986388906250003 0.7765125
2 0.42104351875 0.7558796875 0.43432685156249995 0.7418765625 0.43085555624999994 0.740215625 0.4155703703125 0.7548109375000001 0.42104351875 0.7558796875
2 0.4454731484375 0.732028125 0.45254814843749996 0.724078125 0.450078703125 0.723009375 0.44226944375 0.7304859375 0.4454731484375 0.732028125
2 0.45895648125 0.71838125 0.462627778125 0.7133984375 0.460090740625 0.7124484375 0.45561851875 0.7167203125 0.45895648125 0.71838125
2 0.46663240781250004 0.71019375 0.46936851874999996 0.706278125 0.46810092656249996 0.7049734375 0.46362870312500004 0.7084140624999999 0.46663240781250004 0.71019375
2 0.5804388890625 0.8199859375 0.5883861109375 0.81845 0.5648916671875 0.77821875 0.5460620375 0.74474375 0.53206944375 0.7244734375 0.5211861109375 0.703590625 0.517903703125 0.7038984375 0.5242953703125 0.715875 0.53690648125 0.7373734375 0.54934444375 0.7588703125 0.56385555625 0.788353125 0.5804388890625 0.8199859375
2 0.5809574078125 0.730615625 0.574047221875 0.72693125 0.5624731484375001 0.723553125 0.55228055625 0.716796875 0.5379425921875 0.7032828125 0.5346601859375 0.7032828125 0.544852778125 0.7140328125 0.5564268515624999 0.72478125 0.5662740734375 0.7287734375 0.5771574078125 0.7318453125 0.5809574078125 0.730615625
2 0.6814981484375 0.80309375 0.6878898140625 0.8024796875 0.6296731484375 0.7779109375 0.6248361109375 0.7788328124999999 0.6814981484375 0.80309375
2 0.6208629625000001 0.7766828125 0.626909259375 0.7779109375 0.6308824078125 0.7631703125 0.6262175921875001 0.763784375 0.6208629625000001 0.7766828125
2 0.6255268515625 0.7640906249999999 0.6286361109375 0.7619421875 0.59685 0.750578125 0.5927046296875 0.7511921874999999 0.6255268515625 0.7640906249999999
2 0.6023787031250001 0.743515625 0.5780203703125 0.7355296874999999 0.5778481484375 0.7318453125 0.5718018515625001 0.7343015625 0.5768111109375 0.7379875 0.5978870374999999 0.74505 0.5909768515625 0.7496578125 0.5958138890625 0.7502718749999999 0.6023787031250001 0.743515625
2 0.8127879625000001 0.78958125 0.8193518515625 0.7877390625 0.75854444375 0.7742265625 0.7531888890625 0.7763765625 0.8127879625000001 0.78958125
2 0.7519796296875 0.7760687500000001 0.7571620375 0.7745328125000001 0.7428240734375 0.761328125 0.73850555625 0.7619421875 0.7519796296875 0.7760687500000001
2 0.690653703125 0.750578125 0.694453703125 0.7542640625 0.73850555625 0.7628625 0.7409240734375 0.7604062500000001 0.6951453703125 0.7502718749999999 0.690653703125 0.750578125
2 0.6583490734375 0.7373734375 0.6538574078125 0.73829375 0.6878898140625 0.7453578125 0.6899629625 0.74935 0.69324444375 0.7490421875 0.6903083328124999 0.743821875 0.6583490734375 0.7373734375