4 0.46856203750000003 0.7495609375 0.512172221875 0.750603125 0.5551953703125 0.7492125 0.5508935187499999 0.7360015625 0.5287953703125 0.736696875 0.49202962968749997 0.7363500000000001 0.45585092656250004 0.7360015625 0.419672221875 0.7349593750000001 0.4038324078125 0.73530625 0.36863148125 0.7328734375 0.3586574078125 0.731134375 0.3248259265625 0.7398265625 0.343990740625 0.7429546874999999 0.362177778125 0.7446937499999999 0.383102778125 0.7467796875 0.44411759218749997 0.7492125 0.46856203750000003 0.7495609375
4 0.705940740625 0.7483078125 0.719815740625 0.7477140624999999 0.7417148140625 0.746228125 0.7591 0.7456328125 0.778825 0.7444453125 0.7925324078125 0.743553125 0.8085805562499999 0.7417703125 0.7718046296875001 0.7325578125 0.756759259375 0.73404375 0.744890740625 0.7346375 0.72666944375 0.7358265625 0.7117916671875 0.7361234375000001 0.6949083328125 0.7373125 0.6786925921875 0.7364203125000001 0.6608064812500001 0.7373125 0.6455944437500001 0.737609375 0.624865740625 0.737015625 0.6101546296875 0.7364203125000001 0.5894268515625 0.73671875 0.6026324078124999 0.749496875 0.6267046296875 0.7486046875000001 0.6427518515624999 0.750090625 0.6668240734374999 0.748903125 0.6883888890625001 0.750090625 0.705940740625 0.7483078125
2 0.250665740625 0.9708656250000001 0.3145601859375 0.931059375 0.30418425937500004 0.9262062500000001 0.2331898140625 0.9728078124999999 0.250665740625 0.9708656250000001
2 0.33695092656250003 0.8485359375 0.3298518515625 0.8465953125000001 0.3123759265625 0.9203796875 0.32056759218750003 0.9203796875 0.33695092656250003 0.8485359375
2 0.40791203749999994 0.8127531250000001 0.40113055624999994 0.81070625 0.332803703125 0.844371875 0.3407370375 0.845053125 0.40791203749999994 0.8127531250000001
2 0.41008703750000003 0.8095687500000001 0.40330555625000003 0.78545625 0.39882685156250003 0.784546875 0.4038175921875 0.8095687500000001 0.41008703750000003 0.8095687500000001
2 0.405097221875 0.7850015625 0.4433546296875 0.76930625 0.43798055625 0.76816875 0.3993388890625 0.7827265625 0.405097221875 0.7850015625
2 0.4390046296875 0.7674859374999999 0.44450648125000003 0.7670312499999999 0.43554907343749993 0.7556578125 0.43132685156250006 0.756340625 0.4390046296875 0.7674859374999999
2 0.652828703125 0.9740296875000001 0.652828703125 0.9395 0.6402166671875 0.9426390625 0.637946296875 0.97716875 0.652828703125 0.9740296875000001
2 0.6341620375 0.9368093749999999 0.646775 0.9345671875000001 0.5721083328125001 0.8632640625000001 0.5620175921875 0.862815625 0.6341620375 0.9368093749999999
2 0.5693333328125 0.8587781250000001 0.589765740625 0.8175218750000001 0.583459259375 0.8166249999999999 0.5602518515625 0.8578812499999999 0.5693333328125 0.8587781250000001
2 0.5824509265625 0.8148312499999999 0.5882518515624999 0.8125890625000001 0.5501620375 0.78926875 0.543603703125 0.7888203125000001 0.5824509265625 0.8148312499999999
2 0.5423425921875 0.7879234375 0.54940555625 0.7883718749999999 0.5670629625 0.770434375 0.5615138890625 0.7699859375 0.5423425921875 0.7879234375
2 0.5605046296875 0.7690890625 0.5658018515625 0.768640625 0.5415851859374999 0.7565328124999999 0.5360361109375 0.7574296875 0.5605046296875 0.7690890625
2 0.5640361109375001 0.7547390625 0.558990740625 0.7565328124999999 0.57614444375 0.7910625 0.61246851875 0.8659546875 0.667459259375 0.9731328124999999 0.6833509265625 0.97358125 0.5640361109375001 0.7547390625
2 0.8733333328124999 0.807234375 0.878975 0.8053421875 0.8499166671875 0.7949359375 0.8429981484375 0.795125 0.8733333328124999 0.807234375
2 0.7734935187499999 0.772228125 0.7795611109375 0.7716609375 0.761465740625 0.7639015625 0.7563574078124999 0.7654156249999999 0.7734935187499999 0.772228125
2 0.7997675921875 0.924690625 0.7244268515625001 0.8602968750000001 0.675527778125 0.814578125 0.6364092593749999 0.7798046875 0.6041722218750001 0.748896875 0.5980148140625 0.750184375 0.682772221875 0.8293890625 0.810271296875 0.944009375 0.8439574078125001 0.9729859375000001 0.864965740625 0.9749171875 0.7997675921875 0.924690625
2 0.4814601859375 0.7062859375 0.4840046296875 0.70675625 0.48723796249999995 0.7033640625 0.48548888906250004 0.702421875 0.4814601859375 0.7062859375
2 0.47462222187499997 0.7120328125000001 0.47721944374999997 0.713540625 0.481777778125 0.708546875 0.47923425937499997 0.707415625 0.47462222187499997 0.7120328125000001
2 0.464975 0.7222109375 0.4684731484375 0.7225875 0.47382685156250004 0.7167453125 0.4711240734375 0.715990625 0.464975 0.7222109375
2 0.45182962968749996 0.736440625 0.4555398140625 0.7363453125 0.4617416671875 0.7287125 0.45861388906249995 0.7284296875 0.45182962968749996 0.736440625
2 0.5367259265625 0.7055921875 0.529621296875 0.6964984375000001 0.5239370375 0.6895515624999999 0.521521296875 0.690940625 0.526778703125 0.697003125 0.5342388890625 0.70635 0.5415574078125001 0.7193609375000001 0.5507231484374999 0.7365390625 0.5545601859375 0.737171875 0.5536361109375 0.73515 0.54674444375 0.7227718750000001 0.541202778125 0.7136765625 0.5367259265625 0.7055921875
2 0.5621629625 0.7154453125 0.5726074078125001 0.7244140625 0.5821990734375 0.7337609375 0.5858935187500001 0.7331296875 0.5774388890625 0.7250453125 0.5678472218749999 0.7172140625 0.5593916671875 0.709634375 0.552215740625 0.7036984375 0.541984259375 0.6959921875 0.5318231484375 0.6882875 0.5291231484375001 0.6890453125 0.5336703703125 0.69245625 0.539284259375 0.69675 0.5463185187499999 0.7019296875000001 0.5540629625 0.708371875 0.5621629625 0.7154453125