4 0.6741490734375 0.756825 0.6993351859375 0.7507390625 0.65263148125 0.7307421875 0.5966351859375 0.735525 0.48733333281249996 0.7342203125 0.4247361109375 0.732915625 0.37167407343750003 0.729003125 0.286825 0.7194406250000001 0.220559259375 0.7372625 0.2863361109375 0.7498703124999999 0.3755870375 0.7611718749999999 0.4907574078125 0.7633453125 0.5949240734375 0.7633453125 0.6741490734375 0.756825
2 0.2856898140625 0.886959375 0.2392916671875 0.9777859375 0.2570166671875 0.9759328125 0.29768055625 0.886959375 0.2856898140625 0.886959375
2 0.43426944375 0.7599859375 0.26014444375 0.9777859375 0.27995555625 0.9787140624999999 0.441046296875 0.7609125 0.43426944375 0.7599859375
2 0.3680601859375 0.835984375 0.2893388890625 0.884178125 0.3008083328125 0.886959375 0.3784870375 0.835984375 0.3680601859375 0.835984375
2 0.3696240734375 0.8322765625 0.3800509265625 0.8341312500000001 0.3857851859375 0.797984375 0.37744444375 0.7989124999999999 0.3696240734375 0.8322765625
2 0.4191509265625 0.7757421875 0.37744444375 0.7998390625 0.383178703125 0.8016921874999999 0.42332129687500003 0.7775953125 0.4191509265625 0.7757421875
2 0.425927778125 0.7757421875 0.419672221875 0.7609125 0.4149796296875 0.7618390625 0.41810833281250004 0.7775953125 0.425927778125 0.7757421875
2 0.57555 0.7775953125 0.5489620375 0.759059375 0.5458342593750001 0.762765625 0.5703370375000001 0.778521875 0.57555 0.7775953125
2 0.57555 0.7775953125 0.5687731484375 0.778521875 0.5646018515625 0.800765625 0.5739861109375 0.7998390625 0.57555 0.7775953125
2 0.5713796296875 0.800765625 0.56564444375 0.8016921874999999 0.6068296296875 0.8378375 0.6130861109375 0.8350578125 0.5713796296875 0.800765625
2 0.6068296296875 0.8350578125 0.6110009265625 0.8990078125000001 0.6229916671875 0.8953 0.6167351859375 0.835984375 0.6068296296875 0.8350578125
2 0.6907648140625 0.9722250000000001 0.6255981484375 0.9017875 0.615171296875 0.9036421875 0.67408148125 0.9712984375 0.6907648140625 0.9722250000000001
2 0.5651231484375 0.7609125 0.7084898140625 0.9768593750000001 0.72204444375 0.9722250000000001 0.5692944437499999 0.759059375 0.5651231484375 0.7609125
2 0.9936583328124999 0.8628625 0.8810509265625001 0.8369109375000001 0.8753157406250001 0.8443250000000001 0.9978287031249999 0.8674953125 0.9936583328124999 0.8628625
2 0.8794861109375001 0.8387640624999999 0.824746296875 0.8044734375000001 0.8174481484375 0.8054 0.8747944437499999 0.8415453125000001 0.8794861109375001 0.8387640624999999
2 0.8195333328125001 0.7989124999999999 0.7475787031250001 0.7828 0.7428972218750001 0.785009375 0.815884259375 0.8035453125 0.8195333328125001 0.7989124999999999
2 0.745877778125 0.7817000000000001 0.7253222218750001 0.7654890625 0.71929444375 0.7657640625 0.7400055562500001 0.7838984375 0.745877778125 0.7817000000000001
2 0.7180583328125001 0.764665625 0.7172861109374999 0.7619171875 0.6784925921875 0.7523 0.679265740625 0.75285 0.6778740734375 0.756146875 0.7180583328125001 0.764665625
2 0.999490740625 0.8558859375000001 0.8253083328124999 0.7995593750000001 0.7463324078125 0.770709375 0.6951796296875 0.7509265625 0.6920935187499999 0.7523 0.750978703125 0.7764796875 0.8137277781250001 0.7992859375 0.8659546296875 0.81879375 0.9435425921875 0.8448953124999999 0.9971722218749999 0.86110625 0.999490740625 0.8558859375000001
2 0.465671296875 0.7220765625000001 0.46675370312500003 0.7190546875 0.46397129687499994 0.7185046875000001 0.46304444375 0.7215265625 0.465671296875 0.7220765625000001
2 0.5438759265625001 0.7237250000000001 0.5426398140625001 0.7201531250000001 0.540321296875 0.720428125 0.542021296875 0.7237250000000001 0.5438759265625001 0.7237250000000001
2 0.577078703125 0.7043515625000001 0.6097018515625 0.7175625 0.6474009265625 0.7346390625 0.65265648125 0.73335 0.6347138890624999 0.7252953125 0.6080712968750001 0.7140171875 0.579978703125 0.70241875 0.577078703125 0.7043515625000001