4 0.5869138890625 0.5839125000000001 0.39650555625 0.5784546875000001 0.2980509265625 0.5645156250000001 0.2265629625 0.6018515625 0.27430555624999997 0.6203703125 0.3958333328125 0.6280859375000001 0.5703129625 0.6373453125 0.6328129625 0.6311734375 0.5869138890625 0.5839125000000001
2 0.36944351875 0.7111500000000001 0.42308055624999996 0.6567890625 0.40904444375000004 0.6567890625 0.3478888890625 0.7129328125 0.36944351875 0.7111500000000001
2 0.3654333328125 0.8091781250000001 0.3654333328125 0.7138234375 0.3478888890625 0.7147140624999999 0.343878703125 0.815415625 0.3654333328125 0.8091781250000001
2 0.21905925937499998 1 0.3619240734375 0.81898125 0.33986851875 0.8171984374999999 0.18798055625 0.9981046875 0.21905925937499998 1
2 0.7619462968749999 0.8056140624999999 0.7514194437499999 0.8127421874999999 0.7619462968749999 0.8528453125000001 0.806059259375 1 0.8376398140625 0.9972140625 0.7619462968749999 0.8056140624999999
2 0.632615740625 0.7111500000000001 0.7469083328125 0.814525 0.7629490734375 0.80383125 0.6456490734375 0.705803125 0.632615740625 0.7111500000000001
2 0.64815555625 0.7049109375 0.6476546296875 0.65055 0.6376287031250001 0.6514421875 0.632615740625 0.71560625 0.64815555625 0.7049109375
2 0.879747221875 0.7967015625 0.70229351875 0.63361875 0.688759259375 0.6327265625 0.8662129625 0.80383125 0.879747221875 0.7967015625
2 0.597025 0.5854953125 0.5478990734375 0.51955 0.5398787031250001 0.520440625 0.58950555625 0.587278125 0.597025 0.5854953125
2 0.4461398140625 0.562325 0.4421296296875 0.576584375 0.44864629687499996 0.5756921875 0.453659259375 0.5632171875 0.4461398140625 0.562325
1 0.5724620375 0.5534140625 0.6516648140625 0.6532234375 0.64815555625 0.7084765625 0.771972221875 0.804721875 0.843153703125 0.784225 0.59501944375 0.5498484375 0.5724620375 0.5534140625
4 0.794027778125 0.613121875 0.73638055625 0.602428125 0.6451481484375 0.58816875 0.6917666671875 0.63361875 0.73136851875 0.638965625 0.7875120375 0.643421875 0.8496703703125 0.65055 0.794027778125 0.613121875