4 0.31115555625 0.5651140625 0.24131944375 0.6018515625 0.4157990734375 0.615740625 0.6067712968750001 0.6126546875 0.579684259375 0.5722953125 0.425725 0.575684375 0.31115555625 0.5651140625
2 0.7439240734375 0.972221875 0.7517361109375 0.9969140624999999 0.7829861109375 1 0.7282990734375 0.78395 0.7083333328125 0.7870375000000001 0.7439240734375 0.972221875
2 0.7265629625 0.7824078125 0.62586851875 0.6929015625 0.6145833328125 0.7006171875 0.7083333328125 0.7885796875 0.7265629625 0.7824078125
2 0.6111111109375 0.69444375 0.6241324078125 0.6959875 0.6302083328125 0.6435187499999999 0.6180555562500001 0.6450625 0.6111111109375 0.69444375
2 0.375 0.6496906250000001 0.3802083328125 0.6959875 0.3958333328125 0.69444375 0.3862851859375 0.6496906250000001 0.375 0.6496906250000001
2 0.29774351875 0.7901234374999999 0.394965740625 0.69753125 0.379340740625 0.6959875 0.2916666671875 0.777778125 0.29774351875 0.7901234374999999
2 0.231771296875 0.9984562499999999 0.263021296875 1 0.2986111109375 0.794753125 0.2803824078125 0.794753125 0.231771296875 0.9984562499999999
2 0.0494796296875 0.7191359375 0.00086851875 0.766975 0.006944443749999999 0.78549375 0.0625 0.7283953125 0.0494796296875 0.7191359375
2 0.059027778125 0.7253093749999999 0.1814240734375 0.6743828125 0.1744796296875 0.6651234374999999 0.0616324078125 0.7114203125 0.059027778125 0.7253093749999999
2 0.18402777812499999 0.6728390625 0.207465740625 0.635803125 0.200521296875 0.6296296875 0.176215740625 0.66049375 0.18402777812499999 0.6728390625
2 0.5552185187500001 0.5505265625 0.5708583328125 0.5746234375 0.5776351859375 0.5690625 0.5593888890625001 0.5440390625 0.5520898140625 0.535696875 0.5552185187500001 0.5505265625