4 0.30545370312500003 0.5844234375 0.24045185156249999 0.634259375 0.388021296875 0.6373453125 0.637152778125 0.635803125 0.609375 0.5864203125 0.5910388890625 0.579996875 0.30545370312500003 0.5844234375
2 0.4088546296875 0.6820984375 0.332465740625 0.75154375 0.3498268515625 0.7530859375000001 0.4210074078125 0.6898140625 0.4088546296875 0.6820984375
2 0.34722222187499996 0.8888890625 0.3498268515625 0.7561734375 0.3333333328125 0.759259375 0.31944444375000003 0.9012343749999999 0.34722222187499996 0.8888890625
2 0.6614583328125 0.7283953125 0.6614583328125 0.671296875 0.644965740625 0.6728390625 0.6458333328125 0.742284375 0.6614583328125 0.7283953125
2 0.7873268515625 0.8425921875 0.6614583328125 0.733025 0.644965740625 0.7345671874999999 0.7743055562500001 0.8595671875 0.7873268515625 0.8425921875
2 0.8151046296875 0.9984562499999999 0.8428824078125 0.9938265625 0.8029518515625 0.8765437500000001 0.7864583328125 0.8456796875 0.7743055562500001 0.8688265625 0.8151046296875 0.9984562499999999
2 0.127602778125 0.7195765625 0.0013722218749999998 0.77811875 0 0.7903140625 0.13377685156250002 0.7281140625 0.127602778125 0.7195765625
2 0.174253703125 0.6659125 0.13240555625 0.7110390625 0.1358351859375 0.7256750000000001 0.1900324078125 0.6659125 0.174253703125 0.6659125
2 0.46450648125000005 0.567209375 0.462421296875 0.580184375 0.46815555625 0.580184375 0.47180555625 0.5699890625 0.46450648125000005 0.567209375
4 0.6605268515625 0.5848187499999999 0.7137027781249999 0.6293046875 0.8586425921874999 0.6228171875 0.9436203703125001 0.6098421875 0.878453703125 0.5820375 0.8158935187499999 0.5848187499999999 0.6605268515625 0.5848187499999999
2 0.9550888890625 0.6719390625 0.9112972218750001 0.6496953125 0.9092120375 0.657109375 0.9550888890625 0.6821328125 0.9550888890625 0.6719390625