4 0.581597221875 0.5848765625000001 0.5768925921875 0.5791625 0.571609259375 0.5653875 0.3030675921875 0.5560703124999999 0.2465351859375 0.587928125 0.264497221875 0.5929359375 0.38706018593749997 0.598571875 0.506453703125 0.598571875 0.5864009265625 0.5979453125 0.581597221875 0.5848765625000001
2 0.43002777812500004 0.6079640625 0.371915740625 0.6467828124999999 0.38036851875 0.6486609375 0.43108425937500006 0.612971875 0.43002777812500004 0.6079640625
2 0.39058240781250003 0.6993765625 0.381425 0.6492875 0.36945 0.6505390625 0.3736768515625 0.7025078125 0.39058240781250003 0.6993765625
2 0.38635555625 0.7062640625000001 0.3754379625 0.7056375 0.2733018515625 0.7889125 0.2838675921875 0.79955625 0.37156388906250004 0.7256734375 0.38635555625 0.7062640625000001
2 0.28421944374999997 0.79955625 0.27294999999999997 0.7889125 0.24089999999999998 0.8565328125 0.19721851875000002 1 0.229972221875 0.9993234375 0.243003703125 0.9379640625000001 0.2743583328125 0.8239750000000001 0.28421944374999997 0.79955625
2 0.6325388890625 0.79266875 0.7906731484375 0.965478125 0.8135657406249999 0.9967843750000001 0.8452629625 0.9955328124999999 0.8237796296875001 0.9573390625 0.7927861109375 0.923528125 0.6547268515625 0.787034375 0.6325388890625 0.79266875
2 0.6568398140625 0.7876593749999999 0.65930555625 0.6956203125 0.6416953703125 0.6987515625 0.6318342593749999 0.794546875 0.6568398140625 0.7876593749999999
2 0.644865740625 0.698125 0.658952778125 0.6956203125 0.64944351875 0.6868546875 0.58534444375 0.6417734375 0.5744268515625001 0.644278125 0.644865740625 0.698125
2 0.5909796296875001 0.612346875 0.572665740625 0.6411484375 0.5871055562499999 0.6430265625 0.6011935187499999 0.6135984375 0.5909796296875001 0.612346875
2 0.5328675921875 0.5102890625 0.5659740734375001 0.567265625 0.573722221875 0.567265625 0.5377990734375 0.5109140625 0.5328675921875 0.5102890625
2 0.59908055625 0.5998234375 0.5867537031250001 0.584796875 0.583584259375 0.59043125 0.59908055625 0.61109375 0.59908055625 0.5998234375
4 0.8251879625 0.5797875 0.7656675921875 0.5766578124999999 0.6966379625 0.574153125 0.6166898140625 0.5703968749999999 0.6462740734375 0.598571875 0.74770555625 0.6048328125 0.8202574078125 0.6067109375 0.8642814812499999 0.6104671875000001 0.8892870374999999 0.6073375000000001 0.8251879625 0.5797875
2 0.8209620375 0.628 0.8202574078125 0.6211125 0.7977175921875 0.6098421875 0.7956037031250001 0.612971875 0.7938425921875 0.6135984375 0.8209620375 0.628
2 0.45822407343749993 0.5365859375 0.45540648125 0.5428468750000001 0.4606888890625 0.5422203125 0.4620981484375 0.5372109375 0.45822407343749993 0.5365859375
1 0.5985148140625001 0.6040703125 0.6303351859374999 0.60474375 0.645865740625 0.60205 0.5523009265625001 0.507096875 0.5379055562499999 0.5104640625 0.5985148140625001 0.6040703125