4 0.6076388890625 0.615740625 0.5869314812499999 0.6053515625 0.3610120375 0.6053515625 0.23823888906250001 0.5997609374999999 0.138021296875 0.6558640625 0.18402777812499999 0.6651234374999999 0.2769101859375 0.6743828125 0.49566018593749994 0.6836421875 0.6397574078125 0.6743828125 0.6076388890625 0.615740625
2 0.248134259375 0.8314578125000001 0.2736990734375 0.835021875 0.28121851875 0.8216546875 0.38999629687500004 0.7191703125 0.3759601859375 0.716496875 0.248134259375 0.8314578125000001
2 0.6546722218750001 0.716496875 0.6431425921875 0.804721875 0.6651990734375001 0.8073953125 0.67271851875 0.7209531250000001 0.6546722218750001 0.716496875
2 0.2396120375 0.8590828125 0.204021296875 1 0.24061481406250002 0.9989968749999999 0.2731981484375 0.835021875 0.25114166718750003 0.8314578125000001 0.2396120375 0.8590828125
2 0.6636953703125 0.8073953125 0.6421398140625 0.8056140624999999 0.6586824078125 0.830565625 0.7213425921875001 0.90096875 0.8251074078125 1 0.8521768515625 0.9989968749999999 0.845159259375 0.9856281250000001 0.6636953703125 0.8073953125
2 0.4224546296875 0.61471875 0.430196296875 0.6009562500000001 0.4239296296875 0.5996453125000001 0.41581944374999996 0.61471875 0.4224546296875 0.61471875
2 0.448627778125 0.5596687499999999 0.44383611093750003 0.5675328125 0.4493648140625 0.5681890625 0.4526833328125 0.561634375 0.448627778125 0.5596687499999999
2 0.6049287031249999 0.612096875 0.5415240734375 0.5177265625 0.53820648125 0.5203484375 0.5986620375 0.61471875 0.6049287031249999 0.612096875
2 0.6650166671875 0.6927046875 0.6336824078125 0.6546953125 0.627784259375 0.65535 0.6591185187499999 0.6992578125 0.6650166671875 0.6927046875
2 0.647322221875 0.579984375 0.647322221875 0.5976796875 0.6539574078125 0.5930921875 0.6535888890625 0.579984375 0.647322221875 0.579984375
2 0.6189370375000001 0.5694984375 0.647690740625 0.58260625 0.6495333328124999 0.57801875 0.6211490734375 0.566878125 0.6189370375000001 0.5694984375
2 0.61783148125 0.56884375 0.6233601859375 0.5557359374999999 0.61783148125 0.55508125 0.6119333328125001 0.56425625 0.61783148125 0.56884375
4 0.7586490734375 0.61471875 0.6605925921875 0.6134078125 0.7214175921875 0.6697671875 0.9009425921875 0.6658359375 0.9982620375 0.653384375 0.9171620375 0.6140625 0.8371685187500001 0.6186499999999999 0.7586490734375 0.61471875
2 0.7803990734374999 0.6009562500000001 0.7627046296875 0.5832609375 0.7579814812500001 0.5879 0.7727583328125001 0.6017265625 0.7803990734374999 0.6009562500000001
2 0.7124064812500001 0.572690625 0.7512935187500001 0.5865171874999999 0.7542481484375 0.58236875 0.7173842593749999 0.569925 0.7105398140625 0.561353125 0.706028703125 0.56411875 0.7124064812500001 0.572690625
1 0.5813648140625001 0.5747 0.6612111109375001 0.691328125 0.6991916671875 0.6990000000000001 0.735877778125 0.691328125 0.56366944375 0.5202218750000001 0.544247221875 0.5194546875 0.5407944437500001 0.523290625 0.5813648140625001 0.5747