4 0.6163194437499999 0.597221875 0.592990740625 0.5758109375 0.4513888890625 0.5777390625 0.32444814843750003 0.5675375 0.27205925937500003 0.602940625 0.28472222187499996 0.6126546875 0.4236111109375 0.6280859375000001 0.6232638890625 0.6311734375 0.6302083328125 0.614196875 0.6163194437499999 0.597221875
2 0.4267 0.72195 0.418025 0.659296875 0.40230092656250005 0.6602609375 0.40989166718750003 0.7229125 0.4267 0.72195
2 0.3095879625 0.837615625 0.32910648125 0.8414703125 0.4256148140625 0.724840625 0.4077231484375 0.7238765625 0.40880740781249997 0.7258046874999999 0.3095879625 0.837615625
2 0.2743453703125 0.982271875 0.3014546296875 0.978415625 0.3188046296875 0.9176921874999999 0.325852778125 0.8444359374999999 0.304165740625 0.8530374999999999 0.2743453703125 0.982271875
2 0.8447240734375001 0.9986578125 0.7839990734375 0.8184109375 0.7650231484375001 0.8203390625000001 0.81653055625 0.9948015625 0.8447240734375001 0.9986578125
2 0.7655648140625 0.821303125 0.7829148140625 0.8135921875 0.7688185187500001 0.7962421875000001 0.6641768515625001 0.7133484375 0.6544175921875001 0.7181671875 0.7655648140625 0.821303125
2 0.6630925921874999 0.7114203125 0.66255 0.6574421874999999 0.64736851875 0.6593703125 0.646284259375 0.7085281250000001 0.6522481484375 0.7143125 0.6630925921874999 0.7114203125
2 0.5861018515625 0.5668375 0.5627879625000001 0.534065625 0.5568240734375001 0.53599375 0.5823064812500001 0.573584375 0.5861018515625 0.5668375
2 0.4686629625 0.56145625 0.46403148125 0.5707203125 0.46837407343750004 0.5727781249999999 0.47329444374999996 0.5655734375 0.4686629625 0.56145625
2 0.4776370375 0.55065 0.47966296249999996 0.543959375 0.47705833281250004 0.5419015625 0.4738740734375 0.547046875 0.4776370375 0.55065
4 0.927484259375 0.632475 0.8603259265625001 0.600053125 0.810246296875 0.5990249999999999 0.739902778125 0.592334375 0.704297221875 0.5866734375 0.6985083328125 0.5933640625 0.697928703125 0.6098312499999999 0.7167453703125 0.6237265625 0.7543768515625 0.627328125 0.849325 0.6329890625 0.927484259375 0.632475