4 0.5998268515625 0.62345625 0.5876740734375 0.608025 0.5616324078125 0.581790625 0.4245925921875 0.5730000000000001 0.3000675921875 0.5704906249999999 0.242271296875 0.608721875 0.2795138890625 0.6219140624999999 0.410590740625 0.6311734375 0.5260416671875 0.6296296875 0.5798611109375 0.632715625 0.5998268515625 0.62345625
2 0.3216620375 0.7961609375 0.16421944375 0.963875 0.1850731484375 0.9675921875 0.3310453703125 0.8072828124999999 0.3216620375 0.7961609375
2 0.3336518515625 0.8063171875 0.34512129687500004 0.7683171875 0.35450555625 0.6978796875 0.3404296296875 0.69880625 0.3310453703125 0.7618296875 0.32114074062500003 0.7933421875 0.3336518515625 0.8063171875
2 0.34877129687499997 0.6904656250000001 0.35450555625 0.6978796875 0.37744444375 0.6784171875 0.410809259375 0.648759375 0.40246759218749995 0.6469046875 0.34877129687499997 0.6904656250000001
2 0.7298638890625 1 0.6970203703125 0.7905609375 0.675646296875 0.7914875 0.6964990734375001 0.99260625 0.7298638890625 1
2 0.6975416671875 0.78778125 0.60318055625 0.6969531250000001 0.593275 0.7015875 0.675646296875 0.78778125 0.6975416671875 0.78778125
2 0.608915740625 0.6524656249999999 0.5953611109375 0.6506125 0.5885833328125 0.6997328125 0.6057870375000001 0.6960265625 0.608915740625 0.6524656249999999
2 0.443478703125 0.5804984375 0.4463731484375 0.569690625 0.44145277812500006 0.5686609375 0.43566296250000003 0.57946875 0.443478703125 0.5804984375
2 0.457084259375 0.5547671875 0.45911018593749997 0.5465328125 0.45418981406250003 0.545503125 0.45100555625 0.5547671875 0.457084259375 0.5547671875
2 0.56824351875 0.5789546875 0.5529009265625 0.5537375 0.5511638890625 0.5578546875 0.565059259375 0.5815265625 0.56824351875 0.5789546875
4 0.85779351875 0.6050500000000001 0.6397046296875 0.58879375 0.68101944375 0.627325 0.7761796296875 0.6387640625000001 0.8605018515625 0.6411718750000001 0.9245064812500001 0.633946875 0.85779351875 0.6050500000000001